('EF', EFTransformer('all', 1, None)),
('EF', EFTransformer('mean', 5, None)),
('EF', EFTransformer('max', 5, None)),
('LBBB', LBBBTransformer()),
('SR', SinusRhythmTransformer()),
('NYHA', NYHATransformer()),
('QRS', QRSTransformer('all', 1, None))
('Car', FeaturePipeline([
    ('notes_transformer_car', GetConcatenatedNotesTransformer('Car')),
    ('bigram', CountVectorizer(ngram_range=(2,2), min_df=0.05))
])),
('Lno', FeaturePipeline([
    ('notes_transformer_lno', GetConcatenatedNotesTransformer('Lno')),
    ('bigram', CountVectorizer(ngram_range=(2,2), min_df=0.05))
]))

Adaboost run with 700 estimators.

Data size: 900
CV splits: 10
Method: adaboost
Preprocessing...
0/899
100/899
200/899
300/899
400/899
500/899
600/899
700/899
800/899
777 patients in dataset
Summary:
{0: 381, 1: 396}
[(1, 1), (1, 1), (1, 1), (0, 1), (1, 1), (1, 1), (1, 1), (1, 1), (0, 1), (1, 1), (0, 0), (0, 1), (1, 1), (1, 0), (1, 1), (1, 0), (1, 1), (0, 0), (0, 0), (0, 0), (1, 1), (0, 0), (1, 1), (1, 0), (0, 0), (1, 0), (0, 1), (1, 1), (1, 0), (0, 0), (1, 1), (0, 1), (0, 0), (0, 0), (1, 1), (0, 0), (0, 0), (0, 1), (0, 0), (0, 0), (1, 1), (0, 0), (0, 1), (0, 0), (0, 0), (0, 1), (1, 1), (1, 0), (0, 0), (0, 1), (0, 1), (0, 1), (0, 1), (0, 1), (0, 1), (0, 0), (1, 0), (1, 0), (1, 1), (1, 1), (0, 0), (1, 1), (1, 0), (0, 0), (0, 1), (0, 0), (0, 0), (1, 1), (1, 1), (0, 0), (1, 0), (1, 0), (0, 1), (0, 0), (1, 1), (0, 1), (1, 0), (0, 0), (1, 1), (0, 0), (1, 0), (0, 1), (0, 1), (1, 1), (0, 1), (0, 0), (0, 0), (0, 0), (1, 1), (1, 0), (1, 0), (0, 0), (1, 0), (0, 1), (1, 0), (1, 1), (1, 0), (0, 0), (1, 1), (0, 0), (1, 1), (0, 0), (0, 0), (1, 1), (0, 1), (0, 0), (1, 0), (0, 1), (1, 0), (0, 1), (0, 0), (1, 1), (0, 0), (1, 1), (1, 1), (0, 0), (0, 0), (0, 0), (0, 1), (0, 0), (0, 1), (0, 0), (0, 1), (0, 0), (0, 1), (1, 1), (1, 1), (0, 1), (0, 1), (1, 0), (0, 0), (1, 0), (0, 1), (0, 1), (1, 1), (0, 0), (0, 0), (0, 1), (0, 1), (1, 0), (0, 1), (0, 1), (1, 0), (1, 1), (0, 0), (0, 1), (1, 1), (1, 1), (0, 0), (1, 1), (0, 1), (1, 0), (0, 1), (0, 0), (0, 0), (0, 0), (1, 1), (1, 1), (0, 0), (1, 0), (1, 1), (0, 0), (1, 1), (1, 1), (0, 0), (1, 0), (0, 1), (1, 0), (1, 1), (0, 1), (0, 0), (0, 1), (0, 0), (0, 1), (1, 1), (1, 1), (0, 1), (1, 1), (1, 1), (1, 1), (1, 0), (1, 0), (1, 1), (1, 0), (0, 1), (1, 0), (1, 0), (1, 1), (1, 1), (0, 0), (1, 1), (0, 1), (1, 0), (1, 1), (1, 0), (1, 0), (1, 0), (0, 1), (1, 1), (0, 1), (0, 0), (0, 0), (1, 1), (1, 1), (0, 0), (0, 1), (0, 1), (1, 0), (0, 0), (1, 1), (1, 1), (1, 1), (0, 0), (1, 0), (1, 1), (1, 0), (1, 1), (0, 0), (0, 1), (1, 1), (1, 1), (1, 1), (0, 0), (1, 0), (0, 1), (0, 1), (1, 0), (1, 0), (0, 0), (1, 1), (1, 1), (1, 0), (0, 1), (0, 0), (1, 0), (1, 0), (0, 0), (1, 0), (1, 1), (1, 0), (1, 1), (1, 1), (1, 0), (1, 1), (0, 1), (0, 0), (1, 0), (1, 1), (1, 0), (1, 1), (0, 0), (1, 0), (1, 0), (0, 0), (0, 0), (1, 1), (0, 1)]
CV Split #1
	Precision: 0.578947368421
	Recall: 0.592307692308
	F1 Score: 0.585551330798
	Accuracy: 0.575875486381
[(0, 1), (1, 0), (0, 0), (0, 0), (1, 1), (1, 1), (1, 0), (1, 1), (0, 1), (1, 0), (0, 0), (1, 1), (0, 0), (1, 1), (1, 1), (1, 0), (1, 1), (1, 0), (1, 1), (0, 0), (0, 0), (1, 1), (1, 0), (0, 0), (1, 0), (1, 1), (1, 0), (1, 1), (0, 1), (0, 0), (1, 1), (1, 1), (0, 0), (0, 1), (0, 0), (0, 1), (0, 0), (0, 1), (0, 0), (1, 0), (1, 1), (1, 0), (0, 1), (0, 0), (1, 1), (0, 0), (1, 0), (1, 1), (0, 0), (0, 0), (0, 0), (0, 1), (1, 1), (1, 1), (1, 1), (0, 1), (0, 0), (0, 1), (0, 0), (0, 1), (1, 1), (1, 1), (0, 0), (1, 1), (0, 1), (0, 0), (1, 1), (1, 0), (0, 0), (1, 1), (0, 0), (1, 1), (1, 1), (0, 0), (0, 1), (0, 1), (0, 1), (1, 1), (1, 1), (1, 1), (0, 1), (0, 1), (0, 1), (1, 1), (1, 1), (0, 0), (1, 0), (0, 0), (0, 1), (0, 1), (0, 0), (1, 0), (1, 1), (0, 0), (0, 0), (1, 0), (0, 0), (0, 0), (1, 0), (0, 1), (0, 1), (1, 1), (1, 1), (1, 0), (0, 1), (1, 1), (0, 1), (1, 0), (1, 1), (1, 1), (0, 1), (0, 0), (1, 1), (0, 0), (1, 0), (1, 0), (0, 0), (0, 0), (1, 0), (0, 0), (0, 1), (0, 0), (0, 1), (1, 0), (0, 1), (0, 0), (0, 0), (0, 1), (0, 1), (0, 1), (1, 1), (1, 1), (0, 0), (0, 1), (1, 0), (0, 1), (0, 1), (1, 1), (1, 0), (1, 0), (1, 1), (0, 1), (1, 1), (0, 1), (0, 1), (1, 1), (0, 0), (1, 1), (0, 0), (0, 0), (1, 1), (1, 1), (0, 1), (1, 1), (0, 1), (0, 1), (1, 1), (0, 0), (1, 0), (1, 0), (1, 0), (0, 0), (0, 1), (1, 0), (0, 1), (0, 1), (1, 1), (0, 1), (1, 0), (1, 1), (0, 0), (0, 0), (0, 1), (0, 1), (1, 1), (0, 1), (1, 1), (0, 1), (0, 1), (1, 1), (0, 1), (0, 1), (0, 1), (1, 0), (0, 1), (1, 0), (0, 1), (1, 1), (1, 1), (0, 0), (1, 1), (1, 1), (1, 1), (1, 1), (0, 0), (0, 0), (0, 1), (1, 0), (0, 1), (0, 1), (0, 0), (1, 1), (0, 0), (0, 0), (1, 1), (1, 0), (1, 0), (0, 0), (0, 0), (0, 1), (1, 0), (0, 1), (1, 1), (1, 1), (0, 0), (1, 1), (0, 1), (1, 1), (0, 1), (1, 1), (0, 0), (1, 1), (0, 0), (1, 1), (0, 0), (0, 1), (0, 1), (1, 1), (1, 1), (1, 1), (0, 0), (0, 1), (1, 1), (1, 1), (0, 0), (1, 1), (1, 1), (0, 0), (1, 1), (1, 1), (1, 0), (0, 0), (1, 0), (0, 0), (0, 1), (1, 1), (0, 0), (1, 1), (0, 0), (1, 0), (1, 0), (0, 1), (1, 0), (0, 1), (0, 0), (0, 0), (1, 1)]
CV Split #2
	Precision: 0.547297297297
	Recall: 0.66393442623
	F1 Score: 0.6
	Accuracy: 0.579766536965
[(1, 1), (1, 1), (0, 0), (1, 1), (1, 0), (0, 1), (1, 0), (0, 0), (0, 1), (1, 0), (0, 1), (1, 1), (0, 0), (0, 0), (0, 1), (0, 1), (0, 1), (1, 1), (1, 1), (0, 1), (0, 0), (1, 1), (1, 1), (0, 1), (1, 1), (0, 0), (1, 1), (1, 0), (0, 1), (0, 1), (1, 1), (0, 0), (0, 0), (0, 0), (0, 1), (0, 0), (0, 0), (1, 1), (1, 0), (1, 0), (1, 1), (1, 0), (0, 1), (1, 0), (0, 0), (1, 1), (0, 1), (0, 0), (1, 0), (0, 0), (1, 1), (1, 0), (1, 0), (1, 1), (0, 1), (0, 1), (1, 1), (1, 1), (1, 1), (1, 1), (0, 1), (0, 1), (1, 1), (1, 0), (0, 1), (1, 0), (0, 0), (1, 0), (0, 0), (0, 0), (1, 1), (1, 0), (0, 0), (0, 0), (1, 1), (0, 1), (0, 1), (1, 0), (0, 1), (0, 0), (1, 1), (0, 0), (1, 1), (1, 1), (0, 1), (1, 1), (0, 1), (0, 1), (0, 0), (1, 0), (1, 1), (1, 1), (1, 1), (0, 1), (0, 1), (1, 1), (1, 0), (0, 0), (0, 0), (1, 1), (1, 0), (1, 0), (1, 1), (1, 1), (0, 1), (1, 0), (0, 1), (0, 0), (1, 1), (1, 0), (1, 1), (0, 1), (1, 0), (0, 0), (1, 1), (1, 1), (1, 0), (1, 1), (0, 0), (1, 1), (0, 0), (1, 1), (0, 0), (0, 0), (1, 0), (1, 1), (1, 1), (0, 0), (0, 1), (1, 0), (1, 1), (1, 1), (0, 0), (0, 0), (1, 0), (1, 0), (0, 0), (1, 0), (0, 0), (1, 0), (1, 1), (1, 1), (1, 0), (0, 1), (1, 1), (1, 1), (1, 1), (1, 1), (0, 1), (1, 0), (1, 0), (0, 0), (1, 1), (1, 0), (0, 1), (0, 0), (1, 1), (0, 1), (0, 0), (0, 1), (0, 1), (1, 1), (0, 0), (1, 1), (1, 1), (0, 1), (1, 1), (1, 0), (1, 1), (1, 1), (0, 1), (0, 0), (1, 0), (0, 0), (1, 1), (0, 0), (1, 1), (1, 0), (0, 0), (0, 0), (1, 1), (1, 1), (0, 1), (1, 1), (1, 1), (1, 1), (0, 0), (0, 0), (0, 1), (1, 0), (1, 0), (0, 1), (1, 1), (0, 0), (0, 0), (0, 0), (0, 1), (1, 1), (1, 0), (0, 1), (0, 0), (0, 1), (1, 1), (1, 1), (0, 1), (1, 0), (1, 1), (1, 1), (1, 0), (1, 0), (0, 0), (1, 1), (0, 0), (0, 1), (1, 1), (0, 0), (1, 0), (0, 0), (1, 1), (1, 1), (0, 0), (1, 0), (0, 0), (0, 0), (1, 1), (0, 1), (0, 1), (1, 1), (0, 0), (1, 1), (0, 0), (1, 1), (1, 0), (0, 0), (0, 0), (1, 1), (0, 0), (1, 0), (0, 0), (1, 1), (0, 1), (1, 1), (0, 1), (1, 0), (0, 0), (1, 1), (0, 1), (0, 0), (0, 0), (0, 1), (1, 0), (0, 0), (0, 0), (1, 1), (0, 1), (0, 0), (0, 1)]
CV Split #3
	Precision: 0.611510791367
	Recall: 0.634328358209
	F1 Score: 0.622710622711
	Accuracy: 0.599221789883
[(1, 1), (1, 1), (0, 1), (1, 0), (0, 1), (0, 1), (0, 0), (0, 1), (0, 1), (0, 0), (0, 1), (0, 0), (1, 1), (1, 1), (0, 0), (0, 1), (0, 0), (0, 0), (0, 1), (1, 0), (0, 0), (0, 0), (0, 1), (1, 1), (1, 1), (1, 0), (0, 1), (1, 0), (1, 1), (1, 1), (0, 0), (1, 1), (0, 1), (0, 0), (1, 1), (0, 1), (1, 1), (0, 0), (0, 0), (1, 0), (1, 0), (1, 0), (1, 0), (1, 1), (1, 1), (1, 0), (0, 0), (0, 0), (1, 0), (0, 0), (1, 1), (0, 0), (1, 1), (0, 0), (1, 0), (0, 0), (1, 0), (1, 1), (0, 0), (1, 1), (0, 0), (0, 1), (0, 1), (0, 1), (0, 0), (0, 0), (1, 1), (1, 0), (1, 1), (0, 0), (0, 0), (1, 1), (0, 0), (1, 0), (0, 1), (1, 0), (0, 0), (0, 1), (0, 0), (1, 1), (1, 1), (1, 0), (1, 0), (0, 0), (0, 1), (0, 0), (0, 1), (0, 0), (1, 1), (1, 1), (1, 1), (1, 0), (0, 1), (1, 1), (0, 1), (1, 1), (0, 1), (0, 0), (1, 1), (1, 1), (0, 0), (0, 0), (1, 1), (1, 1), (0, 1), (1, 0), (0, 1), (1, 1), (0, 0), (0, 0), (0, 0), (0, 1), (1, 1), (1, 1), (1, 1), (1, 1), (0, 1), (1, 0), (1, 1), (0, 0), (0, 1), (1, 1), (1, 1), (1, 0), (1, 1), (0, 0), (1, 1), (1, 0), (0, 0), (0, 0), (1, 0), (1, 0), (0, 1), (0, 1), (0, 1), (1, 0), (1, 1), (1, 1), (0, 0), (0, 0), (0, 1), (1, 1), (0, 0), (0, 0), (0, 1), (1, 0), (0, 0), (0, 0), (1, 0), (1, 1), (0, 1), (0, 1), (1, 1), (0, 0), (1, 0), (0, 1), (0, 0), (0, 1), (0, 0), (1, 0), (0, 0), (0, 1), (0, 1), (0, 0), (1, 0), (0, 0), (1, 1), (0, 1), (0, 1), (1, 1), (0, 1), (1, 0), (0, 1), (1, 1), (1, 1), (0, 1), (1, 0), (0, 1), (0, 0), (1, 0), (0, 0), (0, 0), (1, 0), (1, 1), (1, 1), (0, 0), (1, 0), (1, 1), (1, 1), (1, 1), (1, 1), (1, 1), (0, 1), (0, 0), (0, 1), (0, 0), (1, 1), (1, 0), (1, 0), (1, 0), (1, 0), (1, 1), (1, 1), (0, 1), (0, 1), (0, 1), (1, 0), (0, 0), (1, 1), (0, 0), (1, 1), (1, 1), (1, 1), (1, 1), (1, 1), (0, 0), (0, 0), (0, 0), (0, 0), (1, 1), (1, 1), (0, 0), (1, 1), (1, 0), (1, 0), (1, 1), (0, 0), (0, 0), (1, 0), (0, 0), (0, 0), (1, 1), (0, 0), (1, 1), (0, 1), (1, 1), (1, 1), (1, 1), (0, 1), (1, 1), (0, 1), (1, 0), (1, 0), (0, 1), (0, 0), (0, 1), (0, 0), (0, 0), (0, 0), (1, 1), (0, 1), (0, 0), (1, 0), (1, 1), (0, 0), (0, 1), (1, 0)]
CV Split #4
	Precision: 0.582089552239
	Recall: 0.624
	F1 Score: 0.602316602317
	Accuracy: 0.599221789883
[(1, 1), (1, 0), (0, 0), (1, 1), (0, 1), (0, 0), (0, 1), (0, 0), (1, 0), (0, 0), (0, 0), (0, 0), (1, 1), (1, 0), (0, 1), (1, 1), (0, 1), (0, 0), (0, 1), (1, 1), (1, 1), (0, 0), (1, 1), (1, 0), (0, 1), (0, 0), (1, 1), (1, 1), (0, 0), (1, 0), (0, 0), (1, 1), (1, 1), (0, 1), (0, 0), (0, 0), (1, 1), (0, 0), (1, 1), (0, 1), (0, 0), (0, 1), (1, 0), (1, 1), (0, 0), (1, 1), (0, 0), (0, 1), (0, 1), (0, 1), (0, 1), (0, 1), (0, 0), (0, 0), (0, 0), (1, 1), (0, 1), (0, 0), (0, 0), (0, 1), (0, 1), (0, 0), (0, 0), (1, 0), (0, 0), (0, 0), (0, 1), (0, 0), (1, 1), (0, 0), (0, 0), (0, 1), (0, 1), (1, 0), (1, 1), (0, 0), (1, 0), (1, 1), (0, 1), (0, 0), (0, 0), (0, 0), (1, 0), (1, 1), (1, 0), (0, 1), (0, 1), (1, 0), (1, 1), (0, 1), (1, 0), (0, 0), (0, 0), (1, 1), (0, 1), (1, 0), (1, 0), (0, 0), (1, 1), (1, 1), (0, 1), (0, 1), (1, 0), (1, 1), (1, 0), (1, 1), (1, 0), (0, 0), (0, 1), (0, 0), (0, 1), (1, 1), (1, 0), (0, 1), (1, 1), (1, 1), (0, 0), (0, 0), (1, 1), (0, 0), (1, 0), (1, 1), (0, 0), (1, 1), (0, 0), (1, 1), (0, 0), (0, 0), (1, 1), (0, 0), (0, 0), (1, 0), (1, 0), (0, 1), (1, 0), (1, 1), (1, 0), (1, 1), (1, 1), (0, 1), (0, 1), (0, 0), (1, 0), (0, 0), (1, 1), (1, 1), (1, 1), (1, 0), (1, 1), (0, 1), (0, 0), (1, 1), (1, 0), (0, 0), (0, 0), (0, 1), (0, 1), (1, 1), (0, 0), (1, 1), (1, 1), (1, 1), (1, 1), (1, 1), (0, 0), (1, 1), (0, 1), (0, 0), (1, 0), (1, 1), (1, 1), (1, 1), (1, 1), (0, 1), (1, 1), (0, 1), (1, 1), (1, 1), (0, 1), (1, 1), (1, 1), (0, 0), (0, 0), (1, 1), (0, 0), (1, 0), (0, 0), (1, 1), (0, 0), (1, 1), (1, 0), (1, 1), (0, 0), (0, 0), (1, 0), (1, 1), (1, 0), (0, 1), (1, 0), (1, 1), (1, 1), (1, 0), (1, 1), (0, 0), (0, 1), (1, 1), (0, 0), (0, 1), (0, 0), (0, 1), (0, 0), (0, 0), (0, 1), (1, 0), (0, 1), (0, 0), (1, 1), (1, 0), (0, 1), (1, 0), (0, 1), (0, 0), (0, 1), (0, 1), (0, 0), (1, 1), (1, 1), (0, 0), (1, 0), (1, 0), (1, 1), (1, 0), (1, 1), (1, 1), (0, 0), (0, 0), (0, 0), (0, 1), (0, 0), (0, 1), (0, 0), (0, 1), (0, 1), (1, 0), (1, 1), (1, 1), (1, 1), (0, 1), (1, 1), (0, 0), (1, 0), (1, 0), (1, 1), (1, 1), (0, 0), (0, 0), (0, 0)]
CV Split #5
	Precision: 0.589552238806
	Recall: 0.647540983607
	F1 Score: 0.6171875
	Accuracy: 0.618677042802
[(0, 0), (1, 1), (0, 0), (0, 0), (0, 1), (0, 1), (1, 0), (1, 0), (0, 1), (1, 0), (0, 0), (1, 1), (1, 1), (1, 0), (0, 0), (1, 1), (1, 1), (0, 1), (0, 0), (1, 0), (1, 1), (0, 1), (1, 0), (1, 1), (1, 0), (1, 1), (0, 0), (0, 1), (0, 1), (0, 1), (1, 0), (1, 1), (0, 0), (0, 0), (1, 0), (1, 1), (1, 0), (0, 1), (1, 1), (0, 0), (0, 0), (0, 0), (0, 0), (1, 1), (1, 1), (0, 1), (1, 1), (1, 0), (1, 0), (0, 0), (1, 1), (0, 0), (0, 1), (1, 0), (1, 0), (1, 1), (1, 1), (0, 1), (1, 0), (0, 0), (0, 1), (0, 0), (0, 1), (1, 1), (1, 1), (1, 0), (1, 1), (0, 0), (1, 0), (0, 1), (1, 1), (0, 0), (1, 1), (1, 1), (1, 0), (0, 0), (1, 0), (0, 0), (0, 0), (1, 1), (1, 0), (0, 0), (0, 1), (1, 1), (1, 1), (0, 1), (1, 1), (1, 0), (1, 1), (1, 1), (0, 1), (1, 1), (1, 1), (1, 0), (0, 1), (0, 0), (0, 0), (0, 1), (0, 1), (1, 1), (1, 1), (0, 1), (1, 1), (0, 0), (1, 0), (1, 1), (0, 1), (1, 1), (1, 1), (1, 1), (0, 1), (1, 0), (1, 1), (0, 0), (0, 0), (0, 0), (1, 1), (0, 0), (1, 1), (1, 1), (0, 1), (0, 0), (0, 1), (0, 1), (1, 1), (0, 0), (0, 1), (0, 0), (0, 1), (1, 1), (0, 0), (1, 0), (1, 1), (0, 1), (0, 0), (0, 0), (1, 1), (0, 0), (1, 1), (0, 0), (1, 1), (1, 1), (0, 1), (1, 1), (1, 1), (1, 0), (1, 1), (1, 1), (1, 0), (0, 1), (0, 1), (0, 1), (0, 1), (1, 0), (0, 1), (1, 1), (0, 0), (0, 1), (0, 0), (0, 0), (1, 0), (0, 1), (0, 0), (1, 0), (1, 0), (1, 0), (1, 1), (1, 1), (0, 1), (1, 1), (0, 1), (0, 0), (0, 1), (0, 0), (0, 1), (0, 1), (0, 0), (0, 1), (1, 0), (1, 0), (1, 1), (1, 1), (1, 1), (1, 0), (0, 0), (0, 0), (1, 1), (1, 0), (0, 0), (0, 0), (0, 1), (1, 0), (0, 1), (0, 1), (1, 1), (0, 0), (1, 0), (1, 1), (0, 0), (0, 0), (0, 0), (1, 1), (0, 1), (0, 1), (0, 0), (0, 1), (1, 0), (1, 1), (0, 0), (1, 1), (1, 0), (1, 0), (1, 1), (1, 1), (1, 1), (0, 0), (1, 0), (1, 1), (0, 0), (1, 1), (0, 1), (0, 1), (0, 1), (0, 0), (1, 0), (1, 1), (0, 0), (1, 0), (0, 1), (1, 1), (0, 1), (1, 1), (0, 1), (0, 1), (0, 0), (1, 1), (1, 0), (1, 1), (1, 1), (1, 0), (0, 1), (1, 0), (0, 1), (0, 1), (1, 0), (0, 0), (0, 1), (1, 1), (1, 1), (1, 1), (1, 0), (0, 0), (0, 0), (0, 0), (0, 0), (0, 1), (0, 1)]
CV Split #6
	Precision: 0.559440559441
	Recall: 0.62015503876
	F1 Score: 0.588235294118
	Accuracy: 0.56420233463
[(0, 0), (1, 1), (1, 1), (1, 0), (0, 1), (1, 0), (1, 0), (1, 1), (0, 0), (0, 1), (0, 1), (1, 0), (0, 1), (0, 1), (0, 1), (0, 1), (1, 1), (0, 0), (0, 0), (0, 0), (0, 1), (1, 1), (1, 1), (0, 1), (1, 1), (0, 1), (0, 0), (0, 1), (1, 1), (1, 0), (1, 0), (1, 1), (1, 1), (0, 0), (1, 0), (1, 1), (1, 0), (0, 1), (0, 0), (0, 1), (0, 0), (1, 0), (0, 0), (1, 1), (1, 0), (0, 0), (1, 1), (0, 1), (1, 0), (0, 0), (1, 1), (1, 0), (1, 1), (1, 0), (1, 0), (1, 0), (0, 0), (0, 1), (1, 1), (0, 0), (1, 0), (1, 1), (1, 1), (0, 1), (0, 1), (0, 0), (1, 1), (0, 1), (0, 1), (1, 0), (1, 1), (1, 0), (1, 0), (0, 1), (1, 1), (0, 0), (1, 0), (1, 1), (1, 1), (1, 1), (0, 0), (0, 1), (0, 0), (0, 0), (0, 0), (0, 1), (1, 1), (1, 1), (0, 0), (1, 1), (1, 1), (1, 1), (0, 0), (0, 0), (0, 1), (0, 1), (1, 1), (1, 1), (1, 0), (1, 1), (0, 1), (0, 0), (1, 1), (0, 1), (0, 0), (1, 0), (0, 0), (1, 0), (1, 0), (0, 0), (1, 0), (0, 1), (0, 0), (1, 1), (1, 1), (1, 1), (1, 0), (1, 1), (1, 1), (1, 0), (1, 1), (0, 1), (1, 1), (0, 0), (1, 1), (1, 0), (1, 0), (1, 0), (1, 1), (0, 0), (0, 1), (0, 1), (1, 1), (0, 1), (0, 1), (1, 1), (1, 1), (0, 1), (0, 1), (0, 1), (0, 0), (0, 0), (0, 0), (0, 0), (1, 1), (1, 0), (0, 0), (0, 0), (0, 1), (1, 1), (0, 0), (1, 1), (0, 1), (1, 1), (0, 0), (1, 1), (0, 1), (1, 0), (0, 0), (1, 1), (1, 1), (1, 1), (1, 1), (0, 0), (1, 1), (0, 1), (1, 1), (1, 1), (1, 1), (0, 1), (1, 1), (0, 1), (1, 0), (0, 1), (1, 1), (1, 1), (0, 1), (0, 0), (1, 1), (0, 0), (0, 0), (0, 0), (1, 1), (0, 1), (0, 0), (1, 0), (0, 1), (1, 1), (0, 0), (1, 0), (0, 0), (1, 1), (0, 1), (0, 0), (1, 1), (0, 0), (0, 1), (0, 0), (1, 1), (1, 1), (0, 0), (1, 1), (1, 0), (0, 1), (1, 1), (1, 0), (0, 0), (0, 1), (1, 1), (1, 0), (0, 0), (1, 0), (0, 0), (0, 1), (1, 1), (1, 1), (1, 1), (1, 1), (1, 0), (0, 1), (0, 1), (1, 1), (1, 1), (1, 1), (0, 0), (1, 0), (0, 0), (1, 1), (1, 1), (1, 1), (1, 0), (0, 0), (0, 0), (0, 0), (1, 0), (1, 0), (1, 1), (1, 1), (1, 0), (1, 0), (1, 0), (0, 0), (1, 1), (1, 0), (0, 0), (0, 0), (1, 1), (0, 1), (0, 1), (0, 0), (0, 1), (0, 1), (0, 0), (0, 0), (1, 1), (0, 0), (0, 1)]
CV Split #7
	Precision: 0.601398601399
	Recall: 0.641791044776
	F1 Score: 0.620938628159
	Accuracy: 0.591439688716
[(1, 1), (1, 1), (0, 0), (1, 1), (0, 1), (0, 0), (0, 0), (1, 0), (1, 1), (0, 0), (0, 0), (1, 1), (1, 0), (1, 1), (1, 0), (1, 1), (1, 0), (1, 1), (1, 0), (1, 0), (0, 1), (0, 0), (0, 1), (0, 0), (1, 1), (0, 0), (0, 0), (0, 0), (0, 0), (0, 0), (1, 0), (0, 1), (1, 0), (0, 0), (0, 0), (1, 0), (1, 1), (1, 0), (0, 1), (0, 1), (0, 1), (0, 1), (0, 0), (0, 0), (1, 1), (0, 1), (1, 1), (0, 1), (1, 1), (1, 1), (0, 0), (0, 1), (1, 1), (0, 1), (1, 0), (1, 1), (0, 0), (1, 1), (1, 1), (1, 1), (1, 0), (1, 1), (0, 0), (0, 1), (0, 1), (1, 1), (0, 1), (0, 1), (0, 0), (0, 0), (1, 1), (0, 0), (0, 0), (0, 0), (0, 0), (1, 1), (1, 1), (1, 0), (1, 1), (0, 0), (1, 1), (1, 0), (1, 0), (1, 1), (0, 1), (1, 1), (0, 1), (1, 1), (1, 1), (1, 1), (0, 1), (1, 0), (0, 0), (1, 1), (0, 1), (1, 0), (1, 0), (0, 0), (1, 1), (1, 1), (0, 0), (1, 1), (0, 1), (1, 1), (1, 1), (1, 1), (1, 1), (1, 1), (0, 1), (0, 0), (0, 0), (1, 1), (1, 1), (1, 0), (1, 0), (1, 1), (0, 1), (0, 1), (1, 1), (0, 0), (1, 0), (0, 0), (1, 0), (0, 0), (1, 0), (0, 1), (1, 1), (1, 1), (1, 1), (0, 1), (1, 1), (0, 1), (1, 1), (1, 1), (1, 0), (1, 1), (1, 1), (1, 0), (1, 0), (0, 0), (1, 0), (0, 0), (1, 0), (0, 1), (1, 1), (1, 1), (1, 1), (1, 1), (1, 1), (1, 1), (0, 0), (1, 0), (1, 0), (0, 0), (1, 1), (0, 1), (1, 1), (1, 0), (1, 1), (1, 0), (1, 0), (1, 1), (0, 1), (1, 0), (1, 1), (1, 1), (1, 0), (0, 1), (1, 1), (1, 1), (1, 1), (0, 1), (0, 0), (0, 0), (0, 1), (0, 0), (0, 1), (1, 1), (1, 0), (0, 0), (0, 1), (0, 0), (1, 1), (1, 1), (0, 1), (1, 0), (0, 0), (0, 0), (0, 0), (1, 1), (1, 1), (1, 1), (0, 1), (0, 0), (0, 0), (1, 0), (0, 0), (1, 0), (0, 0), (0, 1), (1, 1), (1, 0), (1, 0), (1, 1), (0, 1), (0, 0), (0, 1), (0, 0), (0, 0), (0, 0), (0, 0), (0, 1), (1, 1), (0, 0), (1, 0), (0, 0), (1, 1), (0, 1), (0, 0), (1, 1), (1, 1), (0, 1), (1, 0), (1, 1), (1, 0), (1, 1), (1, 1), (0, 0), (0, 0), (1, 1), (0, 1), (1, 1), (0, 0), (0, 0), (0, 0), (0, 1), (1, 0), (1, 1), (0, 1), (1, 0), (0, 1), (1, 1), (1, 0), (0, 0), (0, 1), (0, 1), (0, 0), (1, 0), (1, 1), (0, 1), (0, 1), (0, 1), (1, 1), (1, 0), (0, 1), (1, 1), (0, 1)]
CV Split #8
	Precision: 0.622377622378
	Recall: 0.644927536232
	F1 Score: 0.633451957295
	Accuracy: 0.599221789883
[(1, 0), (0, 0), (1, 0), (1, 1), (0, 1), (1, 1), (1, 1), (0, 0), (0, 0), (1, 1), (0, 0), (0, 0), (0, 1), (1, 1), (1, 1), (0, 0), (0, 1), (1, 1), (0, 0), (1, 0), (1, 1), (1, 0), (1, 1), (1, 1), (1, 0), (0, 1), (0, 0), (1, 1), (0, 0), (1, 1), (0, 0), (1, 1), (0, 0), (1, 0), (1, 0), (0, 1), (0, 0), (1, 0), (0, 0), (1, 0), (0, 1), (1, 0), (0, 0), (0, 1), (0, 0), (1, 0), (1, 1), (1, 0), (0, 0), (0, 0), (1, 1), (0, 0), (0, 0), (0, 1), (0, 1), (0, 1), (0, 1), (1, 0), (1, 0), (1, 1), (0, 1), (1, 1), (1, 0), (0, 1), (0, 1), (1, 1), (1, 0), (1, 1), (1, 1), (0, 1), (1, 0), (0, 1), (0, 0), (1, 1), (0, 0), (1, 1), (1, 1), (0, 0), (0, 1), (0, 1), (1, 1), (1, 1), (1, 1), (1, 1), (0, 0), (0, 0), (0, 1), (1, 1), (1, 1), (1, 0), (0, 0), (1, 0), (1, 1), (0, 0), (1, 1), (1, 0), (1, 1), (0, 1), (1, 0), (1, 1), (1, 1), (0, 1), (0, 1), (1, 0), (0, 1), (0, 0), (0, 1), (1, 1), (0, 0), (1, 1), (0, 0), (1, 1), (1, 1), (1, 0), (0, 0), (0, 0), (1, 0), (0, 1), (1, 1), (1, 0), (1, 0), (0, 0), (0, 0), (1, 0), (0, 1), (1, 0), (1, 1), (0, 0), (1, 1), (0, 1), (0, 0), (1, 1), (0, 1), (0, 0), (1, 1), (0, 0), (0, 1), (1, 1), (1, 1), (0, 0), (1, 1), (0, 1), (1, 0), (1, 1), (0, 1), (1, 0), (0, 0), (1, 1), (0, 0), (1, 1), (1, 1), (1, 0), (1, 1), (1, 1), (1, 0), (0, 0), (1, 0), (0, 0), (0, 0), (1, 1), (0, 0), (1, 0), (0, 1), (0, 0), (1, 1), (1, 1), (1, 0), (0, 0), (1, 0), (0, 0), (0, 0), (0, 1), (0, 0), (0, 0), (1, 1), (1, 1), (0, 1), (0, 1), (0, 0), (0, 0), (1, 1), (1, 1), (0, 0), (1, 1), (0, 0), (0, 0), (1, 1), (0, 1), (1, 1), (1, 0), (0, 0), (1, 1), (0, 0), (0, 1), (0, 1), (1, 0), (1, 1), (1, 0), (1, 1), (0, 1), (0, 1), (0, 0), (0, 0), (1, 1), (1, 1), (1, 0), (0, 1), (1, 0), (0, 0), (0, 1), (1, 1), (1, 0), (0, 0), (0, 1), (0, 0), (1, 1), (0, 0), (0, 0), (0, 0), (0, 0), (0, 0), (0, 0), (1, 1), (0, 0), (0, 0), (1, 1), (1, 1), (0, 0), (1, 1), (1, 0), (0, 1), (0, 0), (0, 1), (0, 0), (1, 1), (0, 1), (1, 0), (1, 1), (1, 1), (1, 1), (1, 1), (1, 0), (1, 0), (1, 0), (1, 0), (0, 0), (0, 0), (1, 0), (1, 1), (1, 0), (1, 1), (0, 0), (1, 1), (0, 0), (0, 0), (1, 1), (0, 0)]
CV Split #9
	Precision: 0.640625
	Recall: 0.621212121212
	F1 Score: 0.630769230769
	Accuracy: 0.626459143969
[(1, 1), (0, 0), (1, 1), (1, 1), (1, 1), (1, 1), (1, 0), (1, 1), (0, 0), (1, 1), (1, 0), (0, 0), (1, 0), (0, 0), (1, 1), (0, 1), (0, 1), (1, 0), (1, 0), (0, 0), (1, 0), (1, 1), (0, 1), (1, 1), (0, 1), (1, 1), (0, 1), (0, 0), (1, 1), (1, 0), (0, 1), (1, 1), (0, 1), (0, 1), (1, 1), (1, 1), (0, 0), (1, 0), (1, 1), (0, 0), (0, 1), (0, 0), (1, 1), (0, 0), (1, 0), (0, 0), (0, 1), (0, 0), (1, 1), (1, 0), (0, 0), (1, 0), (1, 0), (0, 1), (1, 0), (0, 1), (1, 1), (1, 0), (1, 1), (1, 0), (1, 1), (1, 0), (1, 1), (1, 1), (1, 0), (0, 1), (1, 1), (0, 0), (0, 0), (1, 1), (1, 1), (0, 1), (1, 1), (1, 1), (1, 0), (0, 1), (0, 0), (1, 1), (1, 0), (0, 0), (1, 0), (1, 1), (1, 1), (1, 1), (1, 1), (1, 1), (0, 1), (0, 0), (0, 1), (1, 0), (1, 1), (1, 1), (1, 0), (1, 0), (1, 1), (0, 0), (0, 1), (0, 0), (0, 0), (0, 0), (0, 1), (0, 0), (0, 1), (0, 1), (1, 1), (1, 1), (1, 0), (1, 0), (1, 1), (0, 1), (0, 0), (0, 0), (1, 1), (1, 1), (1, 0), (0, 0), (1, 1), (0, 0), (0, 0), (1, 0), (0, 0), (0, 0), (0, 0), (1, 1), (0, 0), (0, 0), (1, 0), (1, 1), (0, 1), (0, 1), (1, 0), (1, 1), (1, 0), (1, 1), (0, 1), (0, 0), (0, 0), (1, 1), (1, 0), (1, 1), (1, 1), (1, 1), (1, 0), (1, 1), (0, 0), (1, 0), (1, 0), (0, 0), (1, 0), (1, 0), (1, 1), (1, 1), (0, 1), (0, 0), (0, 1), (1, 0), (1, 0), (0, 0), (1, 1), (1, 0), (0, 1), (1, 1), (0, 0), (0, 1), (0, 0), (1, 0), (1, 1), (0, 0), (1, 0), (0, 0), (0, 1), (1, 1), (1, 0), (0, 1), (0, 0), (1, 1), (1, 0), (1, 0), (1, 1), (0, 0), (0, 0), (1, 1), (1, 1), (0, 0), (0, 0), (0, 0), (0, 1), (1, 1), (1, 1), (1, 1), (0, 0), (0, 1), (0, 1), (1, 1), (1, 0), (1, 1), (1, 1), (0, 1), (0, 1), (1, 1), (0, 0), (1, 0), (0, 0), (0, 0), (0, 1), (1, 1), (1, 1), (1, 1), (0, 0), (1, 0), (0, 0), (0, 1), (0, 0), (0, 1), (1, 0), (1, 1), (0, 1), (0, 0), (0, 1), (1, 1), (1, 0), (1, 0), (0, 0), (0, 0), (0, 1), (1, 1), (1, 1), (1, 1), (1, 1), (0, 1), (1, 0), (1, 0), (0, 0), (0, 1), (1, 1), (1, 1), (1, 0), (0, 0), (1, 1), (1, 1), (0, 0), (1, 1), (1, 1), (0, 1), (0, 0), (0, 1), (0, 0), (0, 1), (0, 0), (0, 0), (1, 0), (0, 0), (1, 1), (0, 1), (0, 1), (0, 1), (1, 1)]
CV Split #10
	Precision: 0.632352941176
	Recall: 0.614285714286
	F1 Score: 0.623188405797
	Accuracy: 0.5953307393

---------------------------------------

Overall (10 cv cuts)

Precision
	mean:	0.596559197252
	min:	0.547297297297
	max:	0.640625
Recall
	mean:	0.630448291562
	min:	0.592307692308
	max:	0.66393442623
F1 Score
	mean:	0.612434957196
	min:	0.585551330798
	max:	0.633451957295
Accuracy
	mean:	0.594941634241
	min:	0.56420233463
	max:	0.626459143969

Number of column names: 42956
100 biggest theta components of last CV run:
0.0214285714286 	EF__EF_-1
0.00714285714286 	Car__100 medtronic
0.00714285714286 	Lno__125 mg
0.00714285714286 	Lno__rf lisinopril
0.00714285714286 	Lno__venous distention
0.00571428571429 	Car__abn inf
0.00571428571429 	Car__infarction and
0.00571428571429 	Car__severely hypokinetic
0.00571428571429 	Lno__00 00
0.00571428571429 	Lno__60 he
0.00571428571429 	Lno__dilated and
0.00571428571429 	Lno__he has
0.00571428571429 	Lno__the morning
0.00428571428571 	Car__appears to
0.00428571428571 	Car__brenda corrigan
0.00428571428571 	Car__is 61
0.00428571428571 	Car__is 75
0.00428571428571 	Car__md supervised
0.00428571428571 	Car__pacing has
0.00428571428571 	Car__study lvo
0.00428571428571 	Car__the left
0.00428571428571 	Car__valve abn
0.00428571428571 	Car__valvular aortic
0.00428571428571 	Lno__14 14
0.00428571428571 	Lno__artery disease
0.00428571428571 	Lno__denies palpitations
0.00428571428571 	Lno__history chf
0.00428571428571 	Lno__ischemic cardiomyopathy
0.00428571428571 	Lno__lcx and
0.00428571428571 	Lno__morning and
0.00428571428571 	Lno__note 12
0.00428571428571 	Lno__other data
0.00428571428571 	Lno__palpable masses
0.00428571428571 	Lno__pwt 10
0.00428571428571 	Lno__s3 gallop
0.00428571428571 	Lno__sgpt ast
0.00428571428571 	Lno__tender bs
0.00428571428571 	Lno__therapy for
0.00428571428571 	Lno__this month
0.00428571428571 	Lno__will not
0.00428571428571 	Lno__with septal
0.00285714285714 	Car__04 19
0.00285714285714 	Car__04 20
0.00285714285714 	Car__11 45
0.00285714285714 	Car__138 ms
0.00285714285714 	Car__2002 13
0.00285714285714 	Car__46 ordering
0.00285714285714 	Car__aosinus 31
0.00285714285714 	Car__artery receives
0.00285714285714 	Car__at the
0.00285714285714 	Car__block no
0.00285714285714 	Car__bpm all
0.00285714285714 	Car__bundle branch
0.00285714285714 	Car__coronary artery
0.00285714285714 	Car__date 06
0.00285714285714 	Car__dec 2010
0.00285714285714 	Car__during the
0.00285714285714 	Car__exercise tolerance
0.00285714285714 	Car__for comparison
0.00285714285714 	Car__inf mid
0.00285714285714 	Car__is very
0.00285714285714 	Car__lvids 61
0.00285714285714 	Car__markedly elevated
0.00285714285714 	Car__not been
0.00285714285714 	Car__of note
0.00285714285714 	Car__qtc 500
0.00285714285714 	Car__rate 87
0.00285714285714 	Car__right side
0.00285714285714 	Car__severely dilated
0.00285714285714 	Car__status final
0.00285714285714 	Car__thickened but
0.00285714285714 	Lno__01 2008
0.00285714285714 	Lno__07 08
0.00285714285714 	Lno__10mg daily
0.00285714285714 	Lno__19 2010
0.00285714285714 	Lno__350 th
0.00285714285714 	Lno__90 60
0.00285714285714 	Lno__admitted with
0.00285714285714 	Lno__and paroxysmal
0.00285714285714 	Lno__and shows
0.00285714285714 	Lno__appeared to
0.00285714285714 	Lno__assess his
0.00285714285714 	Lno__at 13
0.00285714285714 	Lno__at 75
0.00285714285714 	Lno__atrial enlargement
0.00285714285714 	Lno__coronary artery
0.00285714285714 	Lno__coumadin for
0.00285714285714 	Lno__daily multivitamins
0.00285714285714 	Lno__digoxin 125
0.00285714285714 	Lno__duration is
0.00285714285714 	Lno__electrolytes and
0.00285714285714 	Lno__for 12
0.00285714285714 	Lno__he was
0.00285714285714 	Lno__his father
0.00285714285714 	Lno__history lives
0.00285714285714 	Lno__holter monitor
0.00285714285714 	Lno__in november
0.00285714285714 	Lno__is reduced
0.00285714285714 	Lno__lad stent
0.00285714285714 	Lno__last_name in
