('Car', FeaturePipeline([
    ('notes_transformer_car', GetLatestNotesTransformer('Car', 100)),
    ('notes_aggregator_car', DocumentConcatenatorTransformer()),
    ('bigram', CountVectorizer(ngram_range=(2,2), min_df=3))
])),


Data size: 500
CV splits: 10
Method: adaboost
Preprocessing...
0/499
100/499
200/499
300/499
400/499
434 patients in dataset
Summary:
{0: 212, 1: 222}
[(1, 1), (0, 0), (1, 0), (1, 1), (1, 1), (1, 0), (0, 1), (1, 0), (1, 1), (1, 1), (1, 0), (0, 0), (0, 0), (1, 1), (0, 1), (0, 1), (0, 1), (1, 1), (0, 1), (1, 1), (1, 1), (1, 0), (0, 0), (0, 1), (1, 0), (1, 1), (1, 0), (0, 1), (1, 1), (0, 1), (0, 1), (0, 0), (0, 1), (1, 1), (1, 1), (0, 1), (1, 1), (1, 1), (1, 0), (1, 0), (0, 1), (0, 1), (0, 0), (0, 0), (0, 1), (0, 1), (0, 0), (1, 1), (1, 1), (0, 1), (0, 0), (0, 0), (1, 0), (0, 0), (0, 0), (1, 0), (0, 0), (1, 1), (0, 0), (1, 1), (1, 1), (0, 1), (0, 1), (1, 1), (0, 1), (1, 0), (1, 1), (1, 0), (1, 1), (1, 1), (0, 0), (0, 0), (0, 1), (1, 1), (0, 1), (0, 1), (0, 1), (0, 0), (1, 1), (1, 1), (1, 0), (1, 1), (0, 1), (1, 1), (0, 0), (1, 0), (1, 1), (0, 1), (0, 0), (0, 1), (1, 1), (0, 1), (0, 0), (1, 0), (1, 0), (1, 1), (1, 1), (1, 1), (0, 1), (0, 0), (1, 1), (1, 1), (0, 0), (0, 1), (1, 0), (1, 0), (1, 1), (1, 0), (1, 0), (0, 1), (1, 0), (1, 1), (0, 1), (0, 1), (1, 0), (0, 1), (1, 1), (0, 1), (1, 1), (0, 1), (1, 0), (1, 1), (1, 1), (0, 0), (0, 1), (0, 1), (1, 0), (1, 1), (1, 0), (0, 1), (0, 0), (0, 0), (0, 0), (0, 1), (1, 1), (1, 1), (1, 1), (0, 1), (0, 0), (1, 0), (1, 1), (1, 1), (0, 1), (0, 1)]
CV Split #1
	Precision: 0.533333333333
	Recall: 0.64
	F1 Score: 0.581818181818
	Accuracy: 0.520833333333
[(0, 1), (1, 0), (0, 0), (1, 1), (0, 1), (1, 0), (0, 1), (1, 0), (0, 1), (0, 0), (0, 1), (0, 1), (0, 1), (0, 1), (1, 1), (1, 1), (0, 0), (0, 1), (1, 1), (1, 1), (1, 1), (1, 0), (1, 1), (0, 0), (1, 1), (1, 0), (1, 0), (1, 1), (0, 1), (0, 0), (1, 1), (1, 0), (0, 0), (0, 0), (1, 1), (0, 1), (0, 1), (0, 1), (0, 1), (1, 0), (1, 1), (0, 1), (0, 0), (0, 0), (0, 0), (1, 0), (0, 0), (1, 0), (0, 0), (1, 0), (0, 1), (0, 0), (1, 1), (1, 1), (0, 1), (1, 0), (0, 1), (1, 1), (0, 1), (1, 1), (0, 1), (1, 0), (0, 0), (1, 1), (0, 1), (0, 0), (1, 1), (1, 0), (1, 0), (0, 1), (1, 0), (1, 1), (1, 1), (1, 1), (0, 1), (0, 0), (0, 1), (1, 1), (0, 1), (0, 1), (1, 1), (0, 1), (0, 1), (1, 1), (1, 0), (0, 1), (1, 0), (1, 0), (1, 1), (1, 1), (1, 0), (0, 1), (0, 1), (1, 0), (1, 0), (1, 1), (0, 1), (1, 1), (0, 1), (0, 1), (1, 1), (0, 1), (0, 1), (1, 1), (0, 0), (0, 0), (0, 0), (0, 0), (1, 0), (1, 1), (1, 0), (1, 0), (0, 1), (1, 1), (0, 0), (1, 1), (1, 0), (0, 0), (0, 0), (1, 0), (1, 0), (0, 1), (0, 0), (0, 0), (1, 1), (1, 1), (1, 1), (0, 1), (0, 1), (0, 0), (0, 1), (0, 0), (0, 0), (0, 0), (1, 1), (1, 0), (1, 1), (0, 0), (0, 1), (0, 0), (0, 1), (0, 1), (1, 1), (1, 1)]
CV Split #2
	Precision: 0.47619047619
	Recall: 0.579710144928
	F1 Score: 0.522875816993
	Accuracy: 0.493055555556
[(1, 1), (0, 0), (1, 0), (0, 1), (1, 0), (0, 1), (0, 1), (1, 1), (1, 0), (1, 1), (1, 1), (1, 0), (0, 0), (1, 0), (1, 1), (0, 1), (1, 1), (1, 1), (1, 0), (1, 1), (1, 0), (0, 0), (0, 0), (0, 0), (0, 0), (1, 1), (1, 1), (0, 0), (0, 0), (1, 1), (0, 0), (0, 0), (1, 1), (0, 1), (1, 1), (0, 1), (0, 0), (1, 0), (0, 0), (0, 0), (0, 1), (1, 1), (0, 1), (1, 1), (1, 1), (1, 1), (0, 0), (1, 1), (0, 0), (1, 1), (0, 1), (1, 0), (1, 0), (1, 1), (1, 1), (0, 1), (1, 0), (1, 1), (0, 0), (1, 0), (1, 0), (0, 1), (0, 1), (0, 1), (1, 0), (1, 0), (0, 0), (0, 0), (1, 0), (0, 0), (0, 1), (0, 1), (1, 1), (1, 1), (1, 1), (0, 1), (0, 1), (0, 0), (1, 1), (0, 1), (0, 1), (0, 1), (1, 1), (0, 0), (0, 0), (0, 1), (1, 1), (1, 0), (1, 1), (0, 1), (1, 0), (0, 0), (1, 1), (1, 1), (0, 0), (0, 1), (0, 1), (0, 0), (1, 0), (1, 1), (0, 0), (0, 1), (1, 0), (1, 0), (0, 1), (0, 1), (1, 1), (1, 1), (0, 1), (0, 0), (1, 1), (0, 1), (0, 1), (0, 0), (0, 0), (0, 0), (0, 0), (0, 1), (0, 0), (1, 1), (0, 1), (0, 1), (1, 1), (0, 1), (1, 1), (0, 1), (0, 0), (1, 1), (1, 0), (0, 1), (0, 1), (1, 0), (1, 1), (0, 0), (0, 0), (1, 1), (1, 1), (1, 1), (0, 0), (0, 1), (1, 1), (1, 0), (0, 1), (1, 1)]
CV Split #3
	Precision: 0.535714285714
	Recall: 0.652173913043
	F1 Score: 0.588235294118
	Accuracy: 0.5625
[(0, 1), (1, 1), (0, 1), (1, 1), (0, 1), (1, 0), (0, 0), (1, 1), (0, 1), (0, 1), (0, 0), (1, 1), (1, 1), (0, 1), (1, 1), (1, 1), (0, 1), (1, 1), (1, 1), (1, 1), (0, 1), (1, 1), (0, 0), (1, 0), (1, 1), (1, 1), (0, 0), (0, 0), (0, 0), (0, 0), (1, 1), (0, 1), (0, 1), (0, 1), (1, 1), (0, 1), (0, 1), (0, 1), (0, 1), (0, 0), (1, 1), (1, 1), (0, 0), (1, 0), (0, 1), (1, 1), (0, 1), (1, 1), (0, 0), (1, 1), (1, 0), (0, 1), (0, 1), (0, 0), (1, 1), (0, 1), (1, 1), (1, 0), (0, 1), (1, 1), (0, 1), (1, 0), (0, 1), (0, 0), (1, 1), (0, 1), (1, 1), (1, 0), (1, 0), (1, 1), (0, 1), (1, 1), (0, 0), (0, 1), (1, 1), (0, 0), (0, 0), (1, 1), (0, 1), (0, 1), (0, 1), (1, 1), (1, 1), (0, 1), (0, 1), (1, 1), (0, 1), (0, 0), (0, 0), (0, 1), (0, 1), (1, 1), (1, 0), (1, 1), (0, 1), (0, 0), (1, 1), (0, 1), (1, 1), (1, 1), (1, 0), (0, 1), (0, 0), (0, 1), (0, 0), (0, 1), (1, 1), (1, 1), (1, 1), (1, 0), (0, 1), (1, 1), (1, 1), (0, 1), (0, 1), (1, 1), (1, 0), (1, 0), (1, 0), (0, 1), (1, 1), (1, 1), (0, 1), (1, 1), (1, 1), (0, 0), (1, 1), (0, 0), (1, 1), (0, 0), (0, 1), (0, 0), (0, 0), (0, 1), (1, 0), (1, 1), (0, 0), (1, 1), (0, 1), (0, 1), (0, 1), (0, 0), (0, 0), (0, 0)]
CV Split #4
	Precision: 0.51
	Recall: 0.772727272727
	F1 Score: 0.614457831325
	Accuracy: 0.555555555556
[(0, 1), (0, 0), (1, 1), (1, 1), (1, 0), (1, 1), (1, 1), (1, 1), (1, 1), (1, 1), (1, 0), (0, 1), (0, 0), (0, 0), (1, 1), (1, 1), (1, 1), (0, 1), (1, 0), (0, 0), (1, 1), (0, 0), (1, 1), (1, 0), (0, 0), (1, 0), (1, 0), (1, 0), (0, 0), (0, 1), (0, 1), (0, 0), (0, 0), (0, 0), (1, 1), (0, 0), (0, 1), (0, 1), (1, 0), (0, 1), (0, 1), (0, 1), (0, 0), (1, 1), (0, 0), (0, 0), (1, 1), (1, 0), (1, 0), (1, 1), (0, 1), (0, 1), (0, 1), (0, 0), (1, 1), (1, 1), (0, 1), (0, 1), (1, 1), (1, 0), (1, 1), (0, 1), (0, 0), (1, 0), (0, 0), (1, 1), (1, 1), (1, 1), (1, 1), (1, 1), (0, 1), (0, 1), (0, 1), (1, 0), (1, 0), (1, 0), (1, 1), (0, 0), (0, 1), (1, 1), (0, 1), (1, 0), (1, 1), (0, 1), (1, 0), (0, 1), (1, 1), (0, 0), (1, 1), (1, 0), (0, 1), (0, 1), (1, 0), (1, 0), (1, 1), (0, 1), (1, 1), (0, 0), (0, 0), (0, 1), (0, 1), (0, 0), (1, 1), (0, 1), (0, 1), (1, 1), (0, 1), (0, 1), (1, 1), (1, 0), (0, 1), (0, 1), (0, 0), (1, 1), (1, 1), (1, 1), (0, 1), (0, 1), (0, 1), (0, 0), (1, 1), (0, 1), (0, 1), (1, 1), (0, 0), (0, 1), (0, 1), (1, 1), (1, 1), (1, 1), (0, 1), (0, 1), (0, 1), (1, 1), (1, 0), (0, 1), (0, 0), (0, 0), (0, 1), (0, 1), (1, 0), (1, 1), (1, 1), (0, 1)]
CV Split #5
	Precision: 0.489361702128
	Recall: 0.666666666667
	F1 Score: 0.564417177914
	Accuracy: 0.506944444444
[(1, 1), (0, 0), (0, 0), (0, 0), (1, 1), (1, 0), (1, 1), (0, 0), (0, 0), (1, 1), (1, 0), (0, 1), (1, 1), (0, 1), (0, 0), (0, 1), (0, 1), (0, 0), (1, 1), (1, 1), (1, 0), (0, 0), (0, 0), (0, 1), (1, 1), (1, 0), (0, 0), (1, 0), (1, 1), (1, 1), (0, 0), (0, 1), (0, 1), (1, 1), (0, 0), (1, 0), (0, 1), (1, 0), (1, 0), (0, 1), (1, 0), (1, 1), (0, 1), (0, 0), (1, 0), (0, 1), (1, 0), (1, 1), (1, 1), (0, 1), (0, 1), (1, 0), (1, 0), (1, 1), (1, 1), (0, 0), (0, 0), (1, 1), (1, 1), (1, 1), (1, 1), (1, 1), (1, 1), (1, 0), (0, 0), (0, 0), (1, 0), (0, 1), (1, 0), (0, 0), (1, 1), (1, 0), (0, 1), (1, 1), (0, 1), (0, 0), (0, 0), (1, 0), (1, 0), (0, 1), (1, 1), (0, 1), (0, 1), (0, 0), (0, 1), (1, 0), (0, 1), (1, 1), (0, 1), (1, 0), (1, 1), (1, 1), (0, 0), (1, 1), (1, 0), (1, 0), (0, 1), (0, 0), (0, 0), (0, 0), (0, 1), (1, 1), (1, 0), (0, 0), (1, 1), (0, 0), (0, 0), (0, 1), (1, 1), (1, 1), (0, 1), (0, 1), (0, 1), (1, 1), (1, 0), (0, 0), (1, 1), (1, 0), (1, 0), (1, 1), (1, 1), (0, 0), (0, 1), (0, 1), (1, 0), (1, 0), (1, 1), (1, 1), (0, 0), (0, 0), (0, 1), (1, 0), (1, 1), (1, 1), (0, 1), (0, 1), (0, 1), (1, 1), (0, 1), (1, 1), (0, 0), (1, 1), (0, 1), (0, 0)]
CV Split #6
	Precision: 0.55
	Recall: 0.594594594595
	F1 Score: 0.571428571429
	Accuracy: 0.541666666667
[(1, 1), (1, 1), (0, 0), (1, 0), (1, 0), (1, 0), (0, 0), (0, 0), (1, 1), (1, 0), (1, 1), (1, 1), (1, 1), (1, 1), (1, 1), (0, 0), (1, 1), (1, 0), (1, 0), (1, 1), (0, 1), (1, 1), (1, 1), (0, 1), (1, 0), (1, 1), (1, 1), (1, 1), (1, 1), (0, 1), (1, 0), (0, 1), (1, 1), (1, 1), (1, 0), (1, 1), (0, 0), (0, 0), (0, 1), (0, 0), (0, 1), (1, 1), (0, 0), (1, 0), (0, 1), (0, 0), (1, 0), (0, 0), (0, 0), (0, 0), (0, 1), (0, 0), (0, 0), (1, 1), (0, 0), (0, 1), (1, 0), (0, 1), (0, 1), (1, 0), (0, 0), (1, 0), (1, 1), (0, 0), (0, 1), (1, 0), (0, 0), (1, 1), (1, 1), (0, 1), (1, 0), (0, 0), (1, 1), (0, 1), (1, 0), (0, 1), (1, 0), (1, 1), (1, 1), (0, 0), (0, 1), (0, 0), (0, 1), (1, 1), (1, 0), (0, 0), (0, 0), (1, 1), (1, 0), (1, 1), (1, 0), (0, 1), (1, 1), (1, 1), (1, 1), (1, 1), (0, 0), (0, 0), (1, 1), (1, 1), (0, 0), (1, 0), (1, 1), (0, 1), (0, 1), (1, 1), (1, 1), (0, 1), (1, 0), (1, 0), (0, 1), (1, 1), (1, 1), (0, 1), (0, 1), (0, 0), (0, 1), (1, 0), (1, 0), (0, 1), (1, 0), (1, 1), (1, 1), (0, 0), (1, 1), (0, 0), (1, 1), (0, 0), (1, 1), (1, 0), (1, 1), (0, 0), (1, 0), (0, 0), (0, 1), (0, 0), (1, 1), (1, 1), (0, 0), (0, 1), (0, 0), (1, 0), (1, 1), (1, 0)]
CV Split #7
	Precision: 0.641025641026
	Recall: 0.617283950617
	F1 Score: 0.62893081761
	Accuracy: 0.590277777778
[(0, 0), (0, 0), (0, 0), (0, 1), (0, 1), (0, 0), (0, 0), (0, 0), (0, 0), (0, 0), (1, 0), (1, 1), (0, 1), (1, 0), (0, 0), (1, 1), (1, 1), (1, 1), (0, 0), (0, 0), (1, 0), (1, 1), (0, 0), (1, 0), (0, 1), (1, 1), (1, 0), (1, 0), (1, 0), (1, 0), (0, 1), (0, 1), (1, 0), (0, 1), (1, 1), (1, 0), (0, 1), (1, 0), (0, 1), (0, 0), (0, 1), (1, 0), (0, 0), (1, 1), (1, 0), (0, 0), (1, 0), (0, 1), (0, 1), (1, 1), (0, 0), (1, 0), (0, 0), (0, 0), (0, 0), (1, 0), (1, 0), (1, 1), (0, 0), (1, 0), (0, 1), (1, 0), (0, 0), (0, 0), (0, 0), (1, 1), (0, 1), (1, 1), (0, 1), (0, 0), (1, 1), (0, 0), (1, 1), (1, 0), (0, 1), (0, 0), (0, 0), (1, 1), (0, 0), (0, 1), (1, 1), (1, 1), (0, 1), (1, 0), (0, 1), (1, 1), (1, 1), (0, 0), (0, 1), (1, 0), (0, 0), (0, 1), (0, 0), (1, 0), (1, 1), (1, 0), (1, 1), (1, 1), (0, 0), (1, 0), (1, 1), (1, 0), (1, 0), (0, 1), (0, 1), (1, 0), (1, 1), (1, 0), (1, 1), (0, 1), (0, 0), (1, 1), (0, 0), (1, 0), (1, 0), (0, 0), (1, 1), (1, 0), (1, 0), (1, 0), (1, 1), (0, 1), (1, 0), (0, 1), (1, 0), (0, 0), (1, 1), (0, 1), (1, 1), (1, 1), (1, 1), (1, 1), (1, 1), (0, 0), (0, 1), (1, 1), (0, 1), (0, 1), (1, 1), (0, 0), (1, 1), (1, 0), (0, 1), (1, 0)]
CV Split #8
	Precision: 0.544117647059
	Recall: 0.493333333333
	F1 Score: 0.517482517483
	Accuracy: 0.520833333333
[(0, 1), (1, 1), (0, 0), (0, 1), (1, 1), (1, 0), (1, 0), (0, 0), (0, 0), (1, 0), (0, 1), (0, 1), (0, 0), (1, 1), (1, 1), (1, 1), (1, 1), (0, 1), (1, 0), (0, 0), (0, 0), (0, 1), (1, 1), (0, 0), (0, 0), (1, 0), (1, 0), (0, 1), (1, 0), (0, 1), (1, 1), (1, 1), (1, 1), (0, 1), (0, 0), (0, 0), (0, 1), (1, 1), (1, 1), (0, 1), (1, 1), (0, 0), (1, 1), (0, 1), (0, 0), (0, 1), (0, 0), (0, 1), (0, 0), (0, 0), (1, 0), (0, 0), (1, 1), (0, 0), (0, 1), (1, 1), (0, 1), (1, 1), (1, 1), (1, 1), (0, 0), (0, 0), (1, 1), (1, 1), (1, 0), (1, 0), (0, 1), (0, 0), (1, 1), (1, 1), (0, 1), (1, 0), (1, 1), (1, 0), (1, 1), (1, 1), (1, 1), (0, 1), (1, 1), (0, 1), (0, 1), (0, 0), (1, 1), (1, 0), (0, 1), (0, 0), (1, 1), (0, 0), (0, 0), (0, 0), (0, 1), (1, 0), (1, 1), (0, 1), (1, 1), (1, 0), (0, 1), (1, 1), (1, 1), (1, 0), (1, 0), (1, 1), (0, 1), (1, 1), (0, 1), (1, 1), (0, 0), (1, 1), (0, 1), (0, 0), (1, 0), (0, 1), (1, 0), (0, 1), (1, 1), (0, 1), (0, 1), (1, 0), (1, 1), (0, 0), (1, 1), (1, 1), (1, 0), (0, 0), (0, 1), (1, 0), (0, 0), (0, 1), (1, 0), (1, 0), (0, 0), (0, 0), (0, 1), (0, 0), (0, 1), (1, 1), (0, 1), (1, 1), (1, 0), (0, 0), (0, 1), (0, 0), (1, 1), (0, 1)]
CV Split #9
	Precision: 0.535714285714
	Recall: 0.642857142857
	F1 Score: 0.584415584416
	Accuracy: 0.555555555556
[(1, 1), (1, 1), (1, 1), (1, 1), (1, 1), (1, 1), (0, 1), (1, 1), (1, 0), (1, 1), (1, 1), (0, 0), (0, 0), (0, 0), (0, 0), (0, 1), (0, 1), (0, 0), (0, 0), (0, 1), (0, 1), (0, 0), (0, 0), (0, 1), (0, 0), (0, 1), (0, 1), (0, 0), (0, 0), (1, 1), (1, 1), (1, 1), (1, 0), (1, 0), (0, 0), (1, 1), (1, 0), (0, 0), (0, 1), (0, 0), (1, 1), (0, 1), (0, 1), (0, 0), (1, 1), (0, 0), (1, 1), (1, 1), (0, 0), (1, 0), (0, 0), (1, 1), (0, 0), (1, 1), (1, 0), (1, 0), (0, 1), (1, 1), (1, 0), (0, 1), (0, 0), (0, 1), (1, 1), (0, 0), (0, 1), (1, 1), (0, 1), (0, 0), (1, 0), (1, 1), (0, 0), (1, 1), (0, 0), (1, 0), (1, 0), (1, 0), (1, 0), (1, 1), (1, 0), (0, 1), (0, 0), (0, 1), (1, 1), (0, 0), (1, 0), (1, 0), (1, 0), (0, 0), (1, 0), (1, 0), (1, 1), (0, 1), (1, 0), (1, 1), (1, 0), (0, 0), (1, 1), (1, 1), (1, 0), (1, 1), (0, 1), (1, 1), (0, 0), (0, 0), (0, 0), (0, 0), (1, 1), (1, 0), (1, 0), (1, 1), (1, 1), (1, 1), (1, 0), (0, 1), (0, 1), (0, 0), (1, 1), (0, 0), (1, 0), (1, 1), (1, 1), (0, 1), (0, 0), (0, 1), (1, 0), (1, 1), (1, 1), (1, 0), (1, 0), (1, 0), (1, 1), (1, 0), (1, 1), (0, 1), (1, 0), (0, 1), (1, 1), (1, 1), (1, 1), (0, 0), (1, 0), (0, 1), (1, 1), (1, 0)]
CV Split #10
	Precision: 0.635135135135
	Recall: 0.58024691358
	F1 Score: 0.606451612903
	Accuracy: 0.576388888889

---------------------------------------

Overall (10 cv cuts)

Precision
	mean:	0.54505925063
	min:	0.47619047619
	max:	0.641025641026
Recall
	mean:	0.623959393235
	min:	0.493333333333
	max:	0.772727272727
F1 Score
	mean:	0.578051340601
	min:	0.517482517483
	max:	0.62893081761
Accuracy
	mean:	0.542361111111
	min:	0.493055555556
	max:	0.590277777778

Number of column names: 36997
100 biggest theta components of last CV run:
0.04 	Car__normal the
0.02 	Car__00 pm
0.02 	Car__08 16
0.02 	Car__08 19
0.02 	Car__118 ms
0.02 	Car__16 2008
0.02 	Car__342 ms
0.02 	Car__41 mm
0.02 	Car__420 ms
0.02 	Car__454 ms
0.02 	Car__52 00
0.02 	Car__56 mm
0.02 	Car__abnormality abnormal
0.02 	Car__and has
0.02 	Car__and septal
0.02 	Car__aortic stenosis
0.02 	Car__artery is
0.02 	Car__bi vp
0.02 	Car__congestive heart
0.02 	Car__contrast study
0.02 	Car__delay pericardial
0.02 	Car__effusion there
0.02 	Car__final car
0.02 	Car__in size
0.02 	Car__is normal
0.02 	Car__is noted
0.02 	Car__is short
0.02 	Car__la 41
0.02 	Car__lv apex
0.02 	Car__motion septal
0.02 	Car__of 22
0.02 	Car__of 25
0.02 	Car__of and
0.02 	Car__of david
0.02 	Car__of thickening
0.02 	Car__pacemaker when
0.02 	Car__pacing has
0.02 	Car__pacing the
0.02 	Car__proximal lad
0.02 	Car__rate 82
0.02 	Car__right bundle
0.02 	Car__septal hypokinetic
0.02 	Car__significant disease
0.02 	Car__sob tape
0.02 	Car__study unit
0.02 	Car__superficial femoral
0.02 	Car__technique selective
0.02 	Car__the lv
0.02 	Car__vs 99
0.0 	Car__00 00
0.0 	Car__00 08
0.0 	Car__00 10
0.0 	Car__00 12
0.0 	Car__00 15
0.0 	Car__00 16
0.0 	Car__00 20
0.0 	Car__00 21
0.0 	Car__00 29
0.0 	Car__00 321mbq
0.0 	Car__00 42
0.0 	Car__00 55
0.0 	Car__00 am
0.0 	Car__00 and
0.0 	Car__00 ankle
0.0 	Car__00 atrial
0.0 	Car__00 bsa
0.0 	Car__00 cardiology
0.0 	Car__00 dt
0.0 	Car__00 exam
0.0 	Car__00 exercise
0.0 	Car__00 hr
0.0 	Car__00 imaging
0.0 	Car__00 max
0.0 	Car__00 mean
0.0 	Car__00 mets
0.0 	Car__00 min
0.0 	Car__00 minutes
0.0 	Car__00 mm
0.0 	Car__00 mph
0.0 	Car__00 net
0.0 	Car__00 no
0.0 	Car__00 ordering
0.0 	Car__00 patient
0.0 	Car__00 qrs
0.0 	Car__00 referring
0.0 	Car__00 right
0.0 	Car__00 sinus
0.0 	Car__00 stress
0.0 	Car__00 symptoms
0.0 	Car__00 the
0.0 	Car__00 there
0.0 	Car__000 000
0.0 	Car__000 002
0.0 	Car__000 003
0.0 	Car__000 004
0.0 	Car__000 006
0.0 	Car__000 007
0.0 	Car__000 010
0.0 	Car__000 019
0.0 	Car__000 ao
