('Car', FeaturePipeline([
    ('notes_transformer_car', GetConcatenatedNotesTransformer('Car')),
    ('bigram', CountVectorizer(ngram_range=(2,2), min_df=0.05))
])),
('Lno', FeaturePipeline([
    ('notes_transformer_lno', GetConcatenatedNotesTransformer('Lno')),
    ('bigram', CountVectorizer(ngram_range=(2,2), min_df=0.05))
]))

Adaboost run with 700 estimators

Data size: 900
CV splits: 10
Method: adaboost
Preprocessing...
0/899
100/899
200/899
300/899
400/899
500/899
600/899
700/899
800/899
777 patients in dataset
Summary:
{0: 381, 1: 396}
[(1, 1), (0, 0), (0, 0), (0, 0), (0, 1), (0, 0), (1, 0), (1, 1), (1, 1), (0, 0), (1, 1), (0, 1), (1, 0), (0, 1), (0, 0), (0, 1), (0, 0), (1, 0), (1, 0), (0, 1), (1, 1), (1, 1), (0, 0), (1, 0), (0, 1), (1, 1), (0, 0), (0, 0), (0, 1), (1, 1), (1, 1), (0, 0), (0, 0), (1, 1), (1, 0), (1, 0), (1, 0), (0, 0), (0, 1), (0, 1), (1, 1), (1, 1), (1, 1), (0, 0), (1, 0), (1, 0), (1, 1), (0, 0), (1, 1), (0, 0), (0, 1), (0, 0), (1, 1), (0, 0), (1, 1), (1, 1), (0, 0), (1, 1), (1, 1), (0, 0), (1, 1), (1, 0), (1, 0), (1, 1), (1, 1), (1, 1), (1, 0), (1, 1), (0, 0), (0, 0), (0, 0), (1, 1), (1, 0), (0, 0), (0, 1), (0, 1), (0, 0), (1, 1), (1, 0), (1, 0), (1, 0), (0, 1), (0, 1), (1, 0), (0, 0), (1, 1), (1, 0), (0, 0), (1, 1), (1, 1), (1, 1), (0, 0), (0, 0), (1, 0), (0, 0), (0, 0), (0, 0), (1, 0), (1, 0), (1, 0), (1, 1), (1, 1), (0, 1), (1, 0), (0, 1), (1, 1), (0, 1), (1, 1), (1, 0), (0, 1), (0, 0), (0, 0), (1, 1), (0, 1), (0, 0), (0, 0), (1, 1), (1, 1), (0, 1), (0, 0), (1, 0), (1, 1), (1, 0), (1, 1), (1, 0), (0, 1), (1, 1), (0, 0), (1, 1), (0, 1), (0, 0), (0, 1), (0, 1), (1, 0), (1, 1), (1, 1), (1, 0), (0, 0), (0, 0), (1, 1), (0, 0), (0, 1), (0, 0), (1, 1), (1, 1), (1, 0), (1, 0), (0, 0), (0, 1), (1, 1), (0, 1), (1, 1), (0, 1), (1, 0), (1, 1), (0, 1), (1, 1), (0, 1), (1, 1), (0, 0), (1, 0), (0, 0), (1, 0), (1, 1), (0, 1), (1, 1), (1, 1), (0, 0), (0, 1), (1, 1), (0, 0), (0, 1), (0, 0), (0, 1), (1, 0), (0, 0), (0, 1), (1, 1), (0, 0), (0, 0), (1, 1), (1, 0), (1, 0), (1, 1), (0, 1), (0, 0), (1, 1), (1, 1), (1, 1), (1, 1), (0, 0), (1, 1), (0, 1), (0, 1), (1, 1), (1, 0), (1, 1), (0, 1), (1, 1), (0, 1), (0, 0), (0, 0), (1, 1), (1, 0), (1, 0), (1, 1), (0, 0), (0, 0), (0, 1), (1, 1), (0, 0), (0, 0), (0, 0), (0, 1), (1, 0), (1, 1), (1, 1), (1, 0), (1, 1), (0, 1), (0, 0), (1, 0), (0, 1), (0, 0), (1, 1), (0, 0), (0, 0), (0, 0), (0, 0), (0, 1), (1, 0), (0, 0), (0, 0), (1, 1), (1, 0), (1, 0), (1, 1), (0, 0), (1, 1), (0, 0), (0, 0), (0, 1), (1, 1), (0, 1), (0, 0), (0, 1), (1, 0), (0, 0), (1, 0), (1, 0), (0, 1), (0, 1), (0, 0), (0, 1), (0, 1), (1, 0), (1, 1)]
CV Split #1
	Precision: 0.603053435115
	Recall: 0.607692307692
	F1 Score: 0.605363984674
	Accuracy: 0.599221789883
[(0, 0), (1, 1), (0, 0), (1, 1), (1, 1), (0, 1), (1, 1), (0, 0), (0, 1), (0, 0), (0, 0), (0, 1), (0, 1), (1, 1), (0, 1), (1, 1), (1, 1), (0, 0), (0, 1), (1, 1), (0, 1), (0, 0), (0, 1), (1, 1), (1, 1), (0, 0), (1, 1), (0, 0), (0, 1), (0, 1), (1, 1), (0, 0), (0, 0), (1, 1), (0, 1), (1, 1), (1, 1), (1, 1), (1, 1), (0, 1), (1, 0), (0, 1), (0, 1), (0, 0), (0, 1), (1, 0), (0, 0), (0, 1), (1, 1), (1, 1), (1, 1), (1, 1), (0, 1), (1, 1), (1, 0), (0, 0), (0, 0), (1, 1), (0, 1), (1, 0), (1, 1), (1, 1), (1, 0), (1, 1), (0, 1), (1, 0), (1, 1), (0, 1), (1, 0), (0, 1), (1, 0), (1, 0), (1, 0), (0, 1), (0, 1), (1, 1), (0, 0), (1, 1), (0, 1), (0, 1), (1, 1), (1, 0), (1, 1), (1, 1), (1, 1), (1, 1), (1, 0), (1, 1), (1, 1), (0, 1), (1, 0), (1, 0), (0, 0), (1, 1), (0, 1), (1, 1), (0, 1), (0, 1), (0, 1), (0, 0), (0, 1), (1, 1), (0, 1), (0, 1), (0, 1), (0, 0), (1, 1), (1, 1), (0, 0), (0, 0), (0, 1), (0, 0), (1, 1), (0, 1), (1, 1), (1, 0), (1, 1), (0, 1), (1, 1), (0, 1), (0, 0), (1, 0), (0, 1), (1, 1), (1, 0), (0, 0), (0, 1), (0, 1), (1, 1), (1, 1), (0, 0), (0, 1), (1, 1), (0, 0), (1, 1), (1, 1), (0, 0), (0, 1), (1, 1), (1, 0), (0, 0), (0, 0), (1, 1), (0, 0), (0, 1), (0, 0), (0, 1), (1, 0), (1, 1), (0, 0), (0, 1), (0, 0), (1, 1), (0, 0), (1, 1), (1, 1), (1, 1), (0, 0), (0, 1), (0, 0), (1, 0), (0, 0), (1, 0), (1, 1), (0, 0), (1, 0), (0, 0), (1, 0), (0, 1), (0, 0), (1, 1), (0, 0), (0, 0), (1, 1), (0, 1), (0, 0), (0, 1), (1, 1), (0, 1), (1, 1), (1, 1), (0, 1), (1, 0), (0, 0), (1, 0), (0, 0), (0, 0), (0, 0), (0, 1), (1, 0), (1, 0), (0, 1), (0, 1), (1, 0), (0, 0), (0, 0), (1, 1), (1, 1), (1, 1), (1, 0), (0, 0), (0, 1), (0, 0), (0, 1), (1, 1), (0, 1), (0, 0), (0, 1), (1, 1), (0, 1), (1, 0), (1, 1), (1, 0), (1, 1), (0, 0), (0, 1), (0, 1), (0, 0), (1, 0), (1, 1), (0, 0), (0, 1), (0, 0), (0, 1), (0, 0), (1, 1), (0, 0), (1, 1), (1, 1), (0, 1), (1, 1), (1, 0), (1, 0), (1, 1), (0, 1), (1, 1), (1, 1), (0, 1), (0, 1), (0, 0), (0, 1), (1, 0), (1, 0), (0, 0), (0, 0), (1, 0), (0, 1), (1, 0), (1, 0), (1, 1), (0, 0), (0, 0), (0, 0), (1, 1), (0, 1), (1, 0), (1, 0)]
CV Split #2
	Precision: 0.532894736842
	Recall: 0.66393442623
	F1 Score: 0.591240875912
	Accuracy: 0.56420233463
[(0, 1), (1, 1), (1, 0), (1, 1), (1, 0), (1, 0), (0, 0), (0, 1), (0, 0), (1, 0), (1, 1), (1, 0), (0, 0), (0, 0), (1, 1), (1, 1), (1, 0), (1, 1), (0, 0), (1, 1), (1, 1), (1, 1), (1, 0), (1, 1), (1, 1), (0, 1), (1, 1), (0, 0), (1, 0), (0, 1), (1, 1), (0, 1), (1, 1), (1, 0), (0, 0), (1, 1), (1, 1), (0, 0), (1, 1), (0, 0), (1, 1), (1, 1), (1, 1), (0, 1), (0, 1), (0, 1), (1, 1), (1, 1), (1, 0), (1, 1), (0, 0), (0, 0), (0, 1), (0, 1), (1, 0), (1, 1), (1, 1), (1, 1), (0, 1), (0, 1), (1, 1), (1, 1), (1, 1), (0, 0), (1, 0), (1, 1), (1, 0), (1, 0), (1, 1), (0, 0), (1, 1), (1, 0), (1, 1), (1, 1), (0, 1), (1, 0), (0, 1), (0, 1), (0, 0), (1, 0), (1, 1), (1, 1), (0, 0), (1, 1), (0, 0), (1, 0), (0, 0), (1, 1), (0, 1), (1, 0), (0, 1), (0, 1), (1, 1), (0, 0), (1, 1), (1, 1), (0, 1), (0, 0), (0, 0), (1, 0), (1, 1), (0, 1), (0, 1), (1, 1), (1, 1), (1, 1), (1, 1), (1, 0), (1, 1), (0, 0), (1, 0), (0, 0), (1, 1), (1, 0), (1, 1), (0, 1), (1, 1), (0, 1), (1, 0), (0, 0), (0, 0), (0, 0), (1, 1), (0, 0), (0, 0), (1, 1), (1, 1), (1, 1), (1, 0), (1, 1), (0, 1), (0, 1), (0, 0), (0, 0), (1, 0), (0, 0), (0, 0), (0, 0), (0, 0), (0, 0), (1, 0), (1, 1), (1, 1), (0, 0), (0, 0), (0, 0), (1, 0), (0, 0), (0, 0), (0, 1), (0, 1), (0, 1), (0, 0), (0, 0), (0, 0), (0, 0), (1, 0), (1, 1), (1, 0), (0, 1), (1, 1), (0, 1), (0, 0), (1, 0), (1, 1), (0, 0), (0, 1), (1, 0), (1, 1), (0, 1), (0, 1), (0, 0), (0, 0), (0, 1), (0, 0), (1, 0), (1, 0), (0, 1), (1, 1), (1, 1), (0, 0), (1, 0), (1, 1), (0, 0), (0, 0), (0, 1), (1, 1), (1, 1), (1, 1), (0, 1), (0, 1), (1, 0), (0, 1), (0, 1), (0, 1), (0, 0), (1, 0), (0, 1), (0, 0), (0, 0), (1, 0), (0, 1), (1, 1), (0, 0), (1, 1), (0, 0), (0, 1), (1, 0), (0, 0), (1, 1), (1, 0), (1, 1), (1, 0), (0, 1), (1, 1), (1, 1), (0, 0), (1, 0), (0, 0), (1, 1), (1, 0), (1, 0), (1, 1), (0, 0), (1, 1), (0, 1), (0, 1), (0, 0), (0, 1), (1, 1), (1, 1), (0, 1), (1, 1), (1, 1), (1, 0), (0, 0), (1, 1), (0, 1), (1, 1), (0, 1), (1, 0), (0, 0), (1, 0), (1, 1), (1, 0), (0, 0), (0, 0), (1, 0), (1, 0), (0, 1), (0, 0), (1, 1), (1, 0), (1, 1), (0, 0), (0, 1), (0, 1)]
CV Split #3
	Precision: 0.611510791367
	Recall: 0.625
	F1 Score: 0.618181818182
	Accuracy: 0.591439688716
[(1, 1), (1, 0), (1, 1), (1, 0), (0, 0), (1, 1), (0, 0), (1, 1), (1, 1), (1, 1), (1, 0), (1, 0), (0, 1), (1, 1), (0, 1), (1, 0), (0, 0), (1, 0), (1, 1), (0, 1), (1, 1), (0, 0), (1, 1), (0, 1), (0, 0), (1, 1), (0, 1), (0, 1), (1, 0), (0, 0), (0, 1), (0, 1), (1, 1), (1, 1), (1, 1), (1, 0), (0, 1), (1, 0), (1, 1), (0, 0), (1, 1), (1, 0), (1, 0), (1, 1), (0, 1), (1, 0), (0, 1), (1, 0), (0, 1), (0, 0), (1, 1), (1, 0), (1, 1), (1, 0), (0, 1), (1, 1), (0, 0), (0, 1), (1, 1), (1, 1), (1, 0), (1, 1), (1, 1), (1, 0), (0, 0), (0, 0), (0, 0), (0, 0), (1, 1), (0, 0), (0, 1), (0, 0), (0, 1), (1, 0), (0, 0), (0, 0), (1, 0), (1, 1), (1, 1), (1, 0), (0, 0), (0, 0), (0, 0), (0, 1), (0, 1), (0, 0), (0, 0), (1, 1), (1, 1), (1, 1), (1, 1), (0, 0), (0, 1), (1, 1), (1, 0), (0, 1), (0, 0), (0, 1), (0, 0), (1, 1), (0, 1), (0, 0), (1, 0), (1, 0), (0, 1), (1, 1), (1, 0), (1, 1), (0, 1), (1, 1), (1, 0), (1, 1), (1, 1), (1, 0), (0, 0), (1, 1), (0, 0), (1, 0), (1, 0), (1, 1), (1, 0), (0, 1), (1, 1), (0, 1), (1, 1), (0, 1), (0, 0), (1, 1), (0, 0), (1, 0), (1, 1), (0, 0), (0, 1), (1, 0), (1, 0), (0, 1), (1, 0), (1, 1), (1, 1), (0, 0), (1, 1), (0, 1), (0, 1), (0, 0), (1, 1), (0, 0), (0, 0), (0, 1), (0, 0), (0, 0), (1, 1), (0, 1), (1, 1), (0, 1), (0, 0), (0, 0), (0, 1), (0, 1), (1, 0), (0, 0), (0, 0), (1, 1), (1, 1), (0, 1), (1, 0), (1, 0), (1, 1), (0, 1), (1, 0), (0, 0), (1, 1), (1, 1), (1, 1), (0, 1), (1, 0), (1, 0), (0, 1), (1, 1), (0, 1), (0, 1), (1, 0), (0, 1), (1, 0), (1, 1), (0, 1), (1, 1), (0, 0), (0, 0), (1, 1), (0, 0), (0, 0), (0, 1), (1, 1), (0, 0), (1, 1), (1, 1), (1, 0), (1, 1), (1, 1), (1, 1), (0, 0), (1, 1), (0, 1), (1, 0), (1, 0), (0, 0), (1, 1), (0, 0), (0, 0), (1, 0), (1, 1), (1, 1), (1, 0), (0, 0), (0, 1), (0, 0), (1, 0), (1, 1), (1, 0), (0, 0), (0, 1), (0, 0), (0, 1), (0, 0), (0, 1), (0, 1), (1, 1), (1, 0), (1, 1), (1, 1), (0, 0), (0, 0), (1, 0), (1, 0), (1, 1), (0, 0), (1, 0), (1, 1), (0, 1), (0, 1), (0, 0), (1, 1), (1, 1), (1, 1), (0, 0), (0, 0), (1, 1), (0, 0), (0, 0), (0, 1), (1, 0), (0, 1), (0, 0), (1, 0), (1, 0), (1, 1), (1, 1)]
CV Split #4
	Precision: 0.598540145985
	Recall: 0.598540145985
	F1 Score: 0.598540145985
	Accuracy: 0.571984435798
[(0, 0), (1, 0), (1, 1), (1, 1), (1, 1), (1, 0), (1, 1), (1, 0), (0, 0), (0, 0), (1, 1), (0, 1), (0, 0), (0, 0), (1, 1), (1, 0), (0, 1), (0, 1), (0, 0), (0, 1), (1, 0), (1, 1), (0, 0), (1, 1), (0, 1), (1, 1), (0, 0), (0, 0), (0, 0), (1, 1), (1, 0), (0, 1), (0, 1), (0, 0), (0, 1), (0, 1), (1, 1), (0, 0), (0, 0), (0, 1), (1, 0), (1, 0), (1, 0), (1, 1), (0, 0), (0, 1), (0, 0), (1, 0), (0, 0), (0, 1), (0, 1), (0, 1), (1, 1), (1, 1), (1, 1), (0, 1), (1, 1), (1, 1), (0, 1), (0, 0), (0, 1), (0, 1), (1, 0), (0, 0), (0, 0), (1, 0), (1, 0), (0, 1), (0, 0), (0, 0), (1, 1), (0, 1), (0, 0), (1, 0), (1, 0), (0, 0), (1, 1), (0, 0), (0, 0), (0, 0), (1, 0), (1, 0), (0, 0), (1, 1), (0, 1), (1, 0), (0, 1), (1, 1), (0, 1), (0, 0), (1, 0), (0, 0), (0, 0), (0, 1), (0, 1), (0, 1), (0, 1), (1, 1), (1, 1), (0, 1), (0, 0), (1, 1), (0, 0), (1, 1), (1, 1), (0, 0), (1, 1), (1, 1), (1, 1), (1, 0), (1, 1), (0, 1), (0, 0), (0, 1), (0, 0), (0, 1), (1, 1), (0, 0), (1, 0), (0, 1), (1, 1), (1, 1), (0, 0), (0, 1), (0, 0), (0, 0), (1, 0), (0, 0), (1, 0), (0, 1), (1, 0), (1, 0), (1, 0), (1, 0), (1, 0), (0, 1), (1, 0), (1, 0), (1, 1), (0, 1), (1, 0), (0, 0), (0, 1), (0, 1), (1, 1), (0, 1), (0, 0), (1, 0), (1, 0), (0, 1), (1, 0), (0, 0), (1, 1), (1, 1), (1, 0), (1, 0), (1, 0), (1, 1), (1, 1), (0, 1), (0, 1), (1, 1), (0, 0), (0, 1), (1, 0), (1, 0), (1, 1), (0, 0), (0, 0), (1, 1), (0, 1), (0, 0), (1, 0), (0, 0), (0, 0), (1, 1), (1, 1), (0, 0), (0, 1), (1, 1), (0, 0), (0, 1), (1, 1), (0, 1), (1, 0), (0, 1), (0, 1), (1, 1), (0, 1), (0, 1), (0, 1), (1, 1), (0, 1), (1, 1), (1, 1), (1, 0), (0, 1), (0, 0), (0, 1), (0, 1), (1, 0), (0, 0), (1, 0), (0, 1), (1, 1), (1, 0), (1, 1), (0, 1), (0, 1), (1, 0), (1, 0), (1, 1), (0, 0), (1, 0), (0, 0), (0, 0), (0, 0), (0, 0), (1, 1), (0, 0), (1, 0), (1, 1), (0, 1), (0, 0), (1, 0), (1, 1), (1, 1), (1, 1), (1, 0), (0, 0), (1, 0), (0, 1), (1, 1), (1, 1), (1, 0), (0, 1), (0, 0), (0, 0), (0, 0), (1, 0), (0, 0), (1, 1), (0, 0), (0, 0), (1, 0), (1, 1), (1, 1), (0, 1), (1, 1), (0, 1), (1, 1), (0, 0), (1, 1), (1, 1), (0, 1), (1, 1), (0, 0)]
CV Split #5
	Precision: 0.511278195489
	Recall: 0.552845528455
	F1 Score: 0.53125
	Accuracy: 0.533073929961
[(0, 0), (0, 0), (0, 0), (1, 1), (0, 0), (1, 0), (1, 0), (0, 0), (1, 1), (1, 1), (1, 1), (1, 1), (1, 1), (0, 0), (1, 0), (1, 1), (1, 1), (0, 0), (1, 1), (1, 1), (1, 0), (0, 1), (1, 0), (0, 0), (0, 0), (0, 1), (1, 1), (0, 1), (0, 1), (1, 0), (1, 0), (0, 1), (1, 1), (0, 1), (1, 0), (0, 1), (0, 1), (0, 1), (0, 1), (0, 1), (1, 0), (0, 0), (0, 0), (0, 0), (1, 1), (1, 1), (0, 0), (1, 1), (1, 0), (1, 1), (0, 1), (0, 0), (0, 1), (0, 0), (1, 1), (1, 0), (1, 0), (0, 0), (1, 0), (1, 1), (0, 0), (0, 0), (0, 1), (0, 1), (1, 0), (1, 0), (1, 1), (1, 0), (1, 1), (0, 1), (1, 0), (1, 1), (1, 0), (0, 0), (0, 1), (1, 0), (1, 1), (1, 0), (1, 0), (0, 1), (0, 0), (0, 0), (0, 0), (0, 1), (0, 0), (1, 1), (0, 1), (0, 1), (0, 0), (1, 1), (0, 0), (1, 0), (1, 1), (1, 0), (0, 1), (0, 1), (1, 0), (1, 0), (0, 1), (1, 1), (1, 1), (0, 0), (0, 0), (0, 0), (1, 1), (0, 0), (1, 0), (0, 0), (1, 1), (0, 1), (1, 1), (1, 1), (0, 0), (0, 1), (0, 1), (1, 1), (0, 0), (1, 0), (0, 1), (0, 0), (1, 0), (1, 0), (0, 1), (0, 0), (1, 1), (1, 0), (1, 1), (0, 1), (1, 1), (1, 0), (0, 1), (1, 1), (1, 0), (1, 0), (0, 1), (1, 1), (1, 0), (1, 0), (1, 1), (0, 0), (0, 0), (0, 1), (1, 1), (0, 0), (0, 0), (0, 1), (1, 1), (1, 1), (1, 1), (0, 1), (0, 0), (1, 0), (1, 1), (1, 1), (1, 1), (1, 0), (0, 1), (1, 0), (0, 0), (0, 0), (0, 0), (1, 1), (0, 0), (0, 0), (0, 0), (0, 1), (1, 1), (1, 0), (1, 1), (1, 1), (1, 1), (0, 1), (0, 1), (0, 1), (0, 0), (0, 0), (1, 0), (1, 0), (0, 1), (1, 1), (0, 0), (0, 1), (0, 1), (1, 1), (0, 0), (0, 0), (1, 1), (1, 0), (1, 1), (1, 0), (1, 1), (1, 1), (0, 1), (1, 0), (0, 1), (0, 1), (1, 1), (1, 1), (1, 1), (1, 0), (0, 0), (0, 0), (0, 1), (1, 0), (1, 1), (0, 0), (0, 0), (1, 1), (0, 0), (0, 0), (0, 0), (1, 1), (0, 1), (1, 0), (0, 0), (1, 1), (1, 1), (0, 0), (1, 0), (0, 0), (1, 0), (1, 0), (1, 1), (1, 1), (0, 0), (1, 0), (0, 0), (1, 1), (1, 0), (0, 0), (0, 0), (1, 1), (1, 0), (1, 0), (0, 1), (1, 1), (0, 0), (0, 1), (1, 1), (1, 1), (1, 0), (1, 1), (0, 0), (0, 1), (0, 1), (0, 1), (1, 1), (1, 1), (1, 0), (1, 1), (0, 0), (1, 0), (1, 1), (0, 1), (0, 1), (1, 1), (0, 1)]
CV Split #6
	Precision: 0.578947368421
	Recall: 0.574626865672
	F1 Score: 0.576779026217
	Accuracy: 0.560311284047
[(0, 1), (1, 1), (1, 0), (1, 0), (1, 1), (1, 1), (1, 1), (0, 0), (1, 1), (1, 0), (0, 1), (1, 0), (1, 0), (0, 0), (1, 1), (0, 0), (1, 1), (0, 0), (1, 0), (1, 1), (1, 0), (1, 0), (1, 1), (0, 1), (0, 1), (1, 1), (1, 1), (0, 0), (0, 0), (1, 1), (0, 1), (1, 1), (1, 0), (1, 1), (0, 1), (1, 0), (0, 1), (0, 0), (1, 0), (1, 0), (1, 0), (0, 1), (0, 0), (1, 0), (1, 1), (0, 1), (0, 0), (0, 0), (1, 0), (1, 1), (1, 1), (0, 1), (0, 0), (0, 0), (0, 1), (0, 0), (0, 0), (0, 1), (1, 0), (1, 0), (0, 0), (0, 1), (0, 0), (1, 1), (0, 1), (1, 0), (1, 0), (1, 1), (1, 1), (1, 1), (0, 0), (0, 0), (0, 1), (1, 0), (1, 1), (1, 0), (0, 0), (1, 1), (1, 1), (1, 0), (0, 0), (1, 0), (1, 1), (0, 1), (1, 1), (1, 1), (0, 1), (0, 1), (0, 1), (1, 1), (0, 0), (1, 1), (0, 1), (1, 0), (0, 0), (1, 1), (0, 1), (1, 1), (1, 0), (1, 1), (0, 0), (0, 1), (0, 1), (1, 0), (1, 1), (0, 0), (0, 0), (1, 1), (1, 1), (1, 1), (1, 0), (0, 1), (1, 0), (1, 0), (0, 1), (1, 0), (0, 0), (1, 1), (1, 0), (0, 1), (1, 1), (0, 0), (0, 1), (1, 1), (1, 1), (0, 0), (1, 0), (1, 1), (0, 0), (1, 1), (0, 0), (1, 0), (1, 0), (1, 1), (0, 1), (0, 0), (0, 1), (1, 1), (0, 1), (0, 1), (1, 1), (0, 1), (1, 1), (1, 0), (0, 0), (1, 1), (0, 1), (0, 0), (1, 1), (1, 1), (1, 0), (0, 0), (1, 1), (1, 0), (1, 1), (0, 1), (0, 1), (0, 0), (1, 1), (1, 0), (1, 0), (0, 0), (0, 1), (1, 1), (0, 0), (1, 0), (1, 1), (0, 0), (0, 1), (0, 0), (0, 1), (1, 0), (0, 1), (0, 0), (1, 1), (0, 0), (1, 1), (0, 0), (1, 1), (1, 1), (1, 0), (0, 0), (1, 1), (1, 1), (0, 0), (0, 0), (1, 1), (1, 1), (0, 1), (1, 1), (0, 0), (0, 0), (1, 1), (1, 1), (0, 0), (0, 1), (1, 0), (0, 0), (0, 0), (0, 1), (1, 0), (0, 0), (0, 0), (1, 1), (1, 1), (0, 0), (0, 1), (0, 1), (0, 1), (1, 1), (1, 0), (1, 0), (1, 1), (0, 1), (0, 1), (0, 1), (1, 0), (1, 1), (0, 0), (1, 0), (1, 0), (1, 1), (0, 0), (1, 0), (0, 0), (1, 0), (1, 1), (0, 1), (0, 0), (0, 1), (1, 0), (0, 0), (0, 1), (1, 1), (1, 0), (1, 0), (1, 1), (1, 0), (1, 1), (0, 1), (0, 0), (1, 1), (0, 1), (1, 0), (0, 0), (0, 0), (0, 0), (1, 1), (1, 0), (1, 1), (1, 0), (0, 0), (0, 1), (1, 0), (1, 1), (0, 0), (0, 0)]
CV Split #7
	Precision: 0.593984962406
	Recall: 0.572463768116
	F1 Score: 0.583025830258
	Accuracy: 0.560311284047
[(0, 1), (0, 1), (0, 0), (0, 0), (1, 0), (1, 0), (0, 0), (1, 0), (1, 1), (0, 1), (1, 1), (1, 0), (0, 0), (0, 1), (0, 1), (1, 1), (0, 0), (0, 0), (0, 0), (0, 0), (1, 0), (0, 1), (0, 1), (1, 1), (0, 0), (1, 0), (1, 1), (0, 0), (0, 0), (1, 1), (0, 1), (0, 1), (1, 1), (0, 1), (1, 1), (0, 1), (0, 1), (1, 0), (0, 0), (0, 1), (1, 1), (1, 1), (0, 1), (0, 0), (0, 0), (1, 0), (0, 0), (1, 0), (1, 1), (1, 0), (1, 1), (1, 0), (1, 0), (1, 1), (0, 0), (1, 1), (1, 0), (0, 1), (1, 0), (1, 0), (0, 1), (0, 0), (1, 1), (1, 1), (1, 1), (1, 0), (0, 0), (1, 1), (1, 1), (1, 1), (0, 0), (1, 1), (1, 0), (0, 1), (1, 0), (0, 1), (0, 0), (1, 0), (0, 0), (1, 0), (1, 1), (1, 1), (0, 0), (1, 1), (1, 0), (1, 1), (0, 0), (0, 0), (1, 1), (0, 1), (0, 1), (0, 0), (1, 1), (1, 0), (0, 0), (1, 0), (0, 0), (1, 1), (1, 0), (1, 0), (1, 0), (1, 1), (0, 1), (0, 1), (0, 0), (0, 0), (0, 0), (0, 1), (0, 1), (0, 0), (1, 1), (1, 0), (1, 1), (0, 0), (0, 1), (1, 1), (0, 0), (0, 1), (0, 1), (1, 1), (1, 0), (0, 1), (0, 0), (0, 1), (0, 1), (1, 0), (0, 0), (1, 1), (0, 1), (1, 1), (1, 0), (1, 1), (0, 0), (0, 1), (1, 1), (1, 1), (0, 0), (1, 1), (1, 1), (1, 1), (0, 0), (1, 0), (1, 1), (0, 0), (0, 1), (0, 1), (1, 0), (1, 0), (1, 0), (1, 0), (0, 1), (0, 1), (0, 0), (1, 1), (1, 0), (0, 0), (1, 1), (1, 0), (1, 0), (0, 0), (0, 1), (1, 1), (1, 1), (1, 1), (1, 1), (1, 1), (0, 0), (1, 0), (0, 1), (0, 1), (1, 0), (0, 1), (0, 0), (1, 1), (0, 1), (0, 1), (0, 1), (1, 0), (0, 1), (1, 0), (1, 1), (1, 0), (0, 1), (0, 0), (0, 0), (0, 0), (0, 0), (1, 1), (1, 1), (1, 0), (0, 0), (1, 1), (0, 1), (0, 1), (1, 0), (0, 0), (1, 0), (1, 1), (1, 1), (1, 1), (1, 0), (0, 1), (1, 0), (1, 1), (0, 0), (1, 1), (0, 0), (0, 1), (1, 0), (1, 1), (1, 1), (1, 0), (1, 0), (0, 0), (0, 1), (0, 0), (0, 0), (1, 0), (0, 0), (1, 0), (1, 1), (1, 0), (1, 1), (1, 1), (0, 0), (1, 1), (0, 1), (1, 0), (0, 0), (1, 1), (0, 1), (1, 0), (0, 0), (1, 0), (1, 1), (0, 1), (1, 1), (1, 1), (1, 1), (0, 0), (0, 0), (1, 0), (1, 1), (0, 1), (1, 0), (1, 1), (0, 1), (0, 1), (0, 1), (0, 1), (1, 1), (1, 1), (0, 0), (1, 0), (0, 0), (0, 1), (0, 1)]
CV Split #8
	Precision: 0.55223880597
	Recall: 0.55223880597
	F1 Score: 0.55223880597
	Accuracy: 0.533073929961
[(1, 1), (1, 1), (1, 1), (0, 1), (0, 1), (1, 1), (0, 1), (1, 1), (1, 1), (0, 1), (0, 0), (1, 1), (0, 1), (1, 1), (1, 0), (1, 0), (0, 1), (0, 1), (0, 0), (1, 1), (0, 0), (1, 0), (0, 0), (0, 0), (1, 0), (0, 1), (1, 1), (0, 1), (0, 1), (0, 1), (1, 0), (1, 0), (1, 1), (1, 0), (1, 1), (0, 0), (0, 1), (1, 1), (1, 1), (0, 1), (1, 1), (1, 1), (0, 0), (1, 1), (1, 0), (1, 1), (1, 1), (1, 1), (0, 0), (1, 0), (0, 0), (0, 1), (0, 0), (0, 1), (0, 0), (0, 1), (1, 0), (0, 1), (1, 0), (0, 0), (1, 1), (1, 1), (0, 1), (0, 1), (1, 0), (0, 0), (1, 0), (1, 1), (1, 1), (0, 1), (1, 1), (0, 0), (1, 0), (0, 1), (0, 1), (1, 1), (1, 0), (0, 1), (0, 0), (0, 0), (1, 0), (1, 1), (1, 0), (0, 1), (1, 0), (1, 1), (1, 1), (0, 1), (0, 0), (1, 1), (0, 0), (1, 0), (0, 0), (1, 0), (1, 0), (0, 0), (0, 1), (1, 1), (0, 1), (0, 0), (0, 0), (1, 1), (0, 1), (1, 0), (0, 1), (0, 0), (0, 0), (1, 1), (0, 0), (1, 1), (0, 1), (0, 0), (0, 0), (1, 1), (0, 1), (0, 1), (1, 1), (1, 1), (0, 1), (1, 1), (1, 0), (1, 0), (0, 1), (1, 1), (0, 1), (0, 1), (1, 1), (0, 1), (0, 0), (0, 0), (1, 1), (0, 0), (0, 0), (1, 1), (1, 0), (0, 0), (1, 0), (0, 0), (0, 0), (0, 1), (0, 0), (1, 0), (0, 0), (0, 1), (0, 1), (0, 1), (0, 1), (0, 0), (0, 0), (0, 1), (0, 0), (1, 0), (0, 1), (1, 1), (0, 1), (1, 1), (1, 1), (1, 1), (1, 0), (0, 0), (0, 0), (0, 1), (0, 1), (0, 1), (1, 0), (1, 1), (1, 1), (0, 1), (0, 0), (0, 1), (1, 1), (0, 0), (1, 1), (1, 1), (1, 1), (0, 0), (1, 1), (1, 1), (0, 0), (0, 1), (1, 0), (1, 1), (0, 0), (0, 1), (1, 1), (0, 0), (0, 1), (1, 1), (0, 0), (0, 0), (1, 1), (0, 0), (0, 1), (1, 1), (1, 1), (1, 1), (0, 1), (1, 1), (1, 1), (1, 0), (1, 1), (0, 1), (0, 1), (1, 0), (0, 1), (0, 1), (1, 1), (0, 0), (0, 0), (0, 1), (0, 1), (1, 1), (0, 1), (0, 1), (1, 0), (1, 1), (0, 0), (1, 1), (0, 1), (0, 0), (0, 0), (1, 1), (1, 1), (1, 1), (0, 0), (0, 1), (1, 1), (1, 0), (0, 0), (0, 1), (1, 0), (0, 1), (0, 1), (0, 0), (1, 0), (1, 1), (0, 1), (1, 1), (0, 0), (0, 0), (1, 0), (1, 1), (1, 1), (1, 1), (0, 1), (1, 1), (1, 1), (0, 0), (0, 0), (0, 1), (1, 1), (0, 0), (0, 0), (1, 1), (0, 1), (1, 1), (0, 0)]
CV Split #9
	Precision: 0.532467532468
	Recall: 0.683333333333
	F1 Score: 0.598540145985
	Accuracy: 0.571984435798
[(1, 0), (1, 1), (1, 0), (1, 0), (1, 1), (0, 1), (1, 1), (0, 0), (0, 1), (0, 0), (1, 0), (1, 1), (1, 1), (0, 0), (1, 0), (1, 1), (1, 0), (0, 1), (0, 0), (1, 1), (1, 1), (0, 1), (0, 0), (1, 0), (0, 0), (0, 0), (0, 1), (0, 0), (1, 0), (1, 1), (0, 0), (1, 0), (0, 0), (0, 1), (1, 1), (1, 0), (1, 1), (1, 0), (1, 1), (0, 0), (0, 0), (0, 1), (0, 0), (0, 1), (1, 1), (0, 0), (0, 1), (1, 0), (0, 0), (1, 0), (0, 0), (1, 1), (0, 1), (1, 1), (0, 0), (1, 0), (1, 1), (1, 0), (1, 1), (1, 1), (0, 1), (1, 0), (0, 0), (0, 0), (1, 0), (1, 0), (1, 1), (0, 0), (1, 0), (1, 0), (1, 0), (0, 1), (0, 1), (0, 1), (0, 0), (1, 1), (1, 1), (0, 1), (0, 0), (1, 1), (0, 0), (1, 1), (1, 1), (0, 1), (1, 0), (0, 1), (1, 0), (1, 0), (1, 0), (0, 0), (1, 1), (0, 1), (0, 1), (0, 1), (1, 1), (0, 0), (1, 1), (1, 0), (0, 0), (0, 1), (1, 0), (1, 0), (0, 0), (1, 1), (0, 0), (0, 0), (0, 1), (0, 1), (1, 0), (0, 1), (1, 0), (1, 1), (1, 1), (0, 1), (0, 0), (0, 1), (0, 1), (1, 0), (1, 0), (0, 0), (0, 0), (1, 0), (1, 1), (0, 0), (0, 1), (1, 1), (0, 0), (1, 0), (1, 0), (1, 1), (0, 1), (0, 0), (0, 1), (1, 0), (0, 1), (1, 0), (1, 1), (0, 0), (0, 0), (1, 1), (0, 0), (0, 0), (0, 0), (1, 1), (1, 0), (1, 1), (1, 0), (1, 1), (1, 0), (0, 1), (1, 1), (0, 1), (1, 0), (0, 1), (1, 1), (0, 1), (0, 0), (0, 1), (1, 1), (0, 1), (0, 0), (0, 0), (0, 0), (0, 1), (0, 0), (0, 0), (0, 1), (1, 0), (1, 1), (0, 1), (0, 0), (0, 0), (0, 0), (0, 0), (1, 0), (0, 0), (1, 1), (1, 1), (0, 1), (0, 0), (0, 1), (1, 1), (1, 1), (1, 1), (0, 0), (1, 0), (0, 0), (0, 1), (0, 1), (1, 1), (0, 0), (0, 0), (1, 0), (1, 0), (0, 0), (1, 1), (0, 0), (1, 0), (0, 1), (1, 0), (1, 1), (1, 0), (0, 0), (1, 0), (1, 1), (1, 0), (1, 0), (1, 1), (1, 1), (1, 0), (0, 0), (0, 0), (1, 1), (1, 0), (0, 1), (1, 1), (0, 1), (0, 0), (0, 0), (1, 1), (1, 0), (1, 1), (1, 0), (1, 0), (1, 1), (1, 0), (1, 0), (0, 0), (1, 0), (1, 1), (0, 0), (1, 1), (0, 1), (0, 1), (1, 0), (1, 0), (0, 1), (1, 1), (0, 1), (1, 1), (0, 1), (1, 1), (1, 1), (0, 1), (1, 1), (1, 1), (1, 1), (1, 0), (1, 0), (0, 0), (0, 0), (0, 1), (0, 1), (0, 1), (1, 1), (0, 0), (0, 1)]
CV Split #10
	Precision: 0.544
	Recall: 0.515151515152
	F1 Score: 0.529182879377
	Accuracy: 0.529182879377

---------------------------------------

Overall (10 cv cuts)

Precision
	mean:	0.565891597406
	min:	0.511278195489
	max:	0.611510791367
Recall
	mean:	0.594582669661
	min:	0.515151515152
	max:	0.683333333333
F1 Score
	mean:	0.578434351256
	min:	0.529182879377
	max:	0.618181818182
Accuracy
	mean:	0.561478599222
	min:	0.529182879377
	max:	0.599221789883

Number of column names: 43652
100 biggest theta components of last CV run:
0.01 	Car__are not
0.008 	Car__00 am
0.008 	Car__bi vp
0.008 	Car__with mild
0.008 	Lno__no jugular
0.006 	Car__block no
0.006 	Car__ecg no
0.006 	Car__norm la
0.006 	Car__qtc 475
0.006 	Car__rn rvt
0.006 	Car__variation there
0.006 	Lno__08 02
0.006 	Lno__14 14
0.006 	Lno__and does
0.006 	Lno__examination bp
0.006 	Lno__on digoxin
0.006 	Lno__swelling he
0.006 	Lno__the remaining
0.006 	Lno__was approximately
0.006 	Lno__we also
0.004 	Car__10 04
0.004 	Car__11 degrees
0.004 	Car__176 ms
0.004 	Car__2006 19
0.004 	Car__41 25
0.004 	Car__compared with
0.004 	Car__date 13
0.004 	Car__during the
0.004 	Car__hypokinetic the
0.004 	Car__internal and
0.004 	Car__is symmetric
0.004 	Car__moussa mansour
0.004 	Lno__110 60
0.004 	Lno__30 to
0.004 	Lno__40mg iv
0.004 	Lno__and 20
0.004 	Lno__and lives
0.004 	Lno__and well
0.004 	Lno__artery disease
0.004 	Lno__bp 100
0.004 	Lno__breath he
0.004 	Lno__ca 08
0.004 	Lno__cardiac no
0.004 	Lno__carotid artery
0.004 	Lno__coreg and
0.004 	Lno__daily coumadin
0.004 	Lno__disease or
0.004 	Lno__done at
0.004 	Lno__end of
0.004 	Lno__for implantation
0.004 	Lno__has become
0.004 	Lno__he eventually
0.004 	Lno__high risk
0.004 	Lno__icd implantation
0.004 	Lno__is class
0.004 	Lno__luminal irregularities
0.004 	Lno__medications today
0.004 	Lno__my impression
0.004 	Lno__no illicit
0.004 	Lno__nonischemic cardiomyopathy
0.004 	Lno__normal no
0.004 	Lno__noted to
0.004 	Lno__once the
0.004 	Lno__orthopnea and
0.004 	Lno__other data
0.004 	Lno__paradoxically split
0.004 	Lno__patient who
0.004 	Lno__po qam
0.004 	Lno__progressive doe
0.004 	Lno__reviewed and
0.004 	Lno__seeing your
0.004 	Lno__source for
0.004 	Lno__to coreg
0.004 	Lno__was quite
0.004 	Lno__with exertion
0.004 	Lno__with recurrent
0.002 	Car__06 05
0.002 	Car__07 23
0.002 	Car__08 29
0.002 	Car__10 51
0.002 	Car__11 07
0.002 	Car__11 24
0.002 	Car__13 11mm
0.002 	Car__180 ms
0.002 	Car__20 lvef
0.002 	Car__2007 12
0.002 	Car__2007 icd
0.002 	Car__2010 08
0.002 	Car__21 ordering
0.002 	Car__260 cordis
0.002 	Car__36 mmhg
0.002 	Car__37 mm
0.002 	Car__432 ms
0.002 	Car__436 ms
0.002 	Car__46 ordering
0.002 	Car__57 00
0.002 	Car__60 mm
0.002 	Car__abn aosinus
0.002 	Car__abnormal ecg
0.002 	Car__anteroseptal myocardial
