Data size: 900
CV splits: 10
Method: adaboost
Preprocessing...
0/899
100/899
200/899
300/899
400/899
500/899
600/899
700/899
800/899
777 patients in dataset
Summary:
{0: 381, 1: 396}
[(0, 0), (1, 0), (0, 1), (0, 0), (0, 1), (1, 1), (0, 1), (0, 1), (1, 1), (0, 0), (1, 0), (1, 0), (1, 1), (1, 1), (1, 0), (0, 0), (1, 1), (0, 1), (0, 0), (1, 1), (1, 1), (1, 1), (1, 1), (1, 0), (0, 1), (0, 0), (1, 1), (0, 1), (0, 1), (0, 1), (1, 0), (1, 1), (0, 1), (0, 1), (1, 0), (0, 0), (0, 0), (1, 1), (1, 0), (0, 0), (1, 0), (1, 0), (0, 0), (0, 0), (0, 0), (1, 0), (0, 1), (1, 1), (0, 1), (1, 1), (0, 0), (0, 1), (1, 1), (1, 1), (1, 0), (0, 1), (1, 1), (1, 0), (0, 1), (1, 0), (1, 1), (1, 1), (0, 1), (1, 0), (0, 1), (1, 1), (1, 0), (0, 1), (1, 1), (1, 1), (0, 0), (0, 1), (0, 1), (0, 1), (1, 1), (1, 0), (0, 1), (1, 1), (1, 1), (0, 0), (1, 0), (0, 1), (0, 1), (1, 0), (0, 0), (0, 1), (0, 1), (0, 1), (1, 0), (1, 0), (1, 0), (0, 1), (0, 1), (0, 1), (0, 0), (0, 1), (1, 1), (1, 1), (1, 1), (1, 1), (0, 1), (1, 0), (1, 0), (0, 0), (1, 1), (1, 1), (0, 0), (1, 0), (0, 0), (0, 1), (1, 0), (0, 0), (1, 1), (0, 1), (0, 0), (1, 1), (0, 0), (1, 1), (0, 0), (1, 0), (0, 0), (1, 0), (1, 1), (0, 0), (0, 0), (1, 0), (1, 1), (0, 1), (1, 1), (0, 0), (1, 0), (0, 1), (1, 1), (1, 1), (0, 1), (1, 0), (1, 0), (1, 0), (1, 1), (0, 1), (1, 0), (1, 0), (1, 1), (0, 0), (1, 0), (1, 0), (0, 0), (0, 0), (1, 1), (0, 1), (0, 1), (1, 0), (0, 1), (1, 0), (1, 0), (0, 1), (1, 0), (0, 1), (0, 0), (1, 0), (1, 0), (0, 1), (1, 1), (0, 1), (0, 0), (0, 1), (0, 0), (1, 1), (0, 0), (0, 1), (0, 1), (1, 1), (0, 0), (1, 1), (0, 1), (0, 1), (0, 0), (1, 1), (1, 1), (0, 1), (1, 1), (0, 1), (0, 1), (0, 1), (0, 1), (1, 0), (1, 1), (1, 0), (1, 1), (1, 0), (1, 0), (0, 1), (1, 0), (1, 1), (0, 1), (0, 1), (0, 0), (1, 1), (0, 1), (1, 1), (1, 0), (1, 0), (1, 1), (0, 1), (0, 0), (0, 1), (1, 0), (0, 1), (0, 1), (0, 0), (0, 0), (1, 1), (1, 0), (1, 1), (1, 1), (0, 0), (0, 1), (0, 0), (1, 0), (0, 1), (1, 0), (0, 1), (0, 1), (0, 0), (0, 0), (0, 0), (1, 1), (1, 1), (1, 1), (1, 0), (1, 1), (0, 0), (0, 0), (0, 0), (0, 0), (0, 1), (0, 1), (1, 1), (0, 1), (1, 1), (0, 0), (1, 0), (0, 0), (0, 0), (0, 0), (0, 1), (1, 1), (1, 1), (1, 1), (1, 0), (0, 1), (1, 0), (1, 1), (1, 0), (1, 1), (0, 1), (1, 1)]
CV Split #1
	Precision: 0.486111111111
	Recall: 0.542635658915
	F1 Score: 0.512820512821
	Accuracy: 0.482490272374
[(1, 0), (0, 0), (1, 0), (0, 1), (1, 0), (0, 0), (1, 0), (1, 1), (0, 0), (1, 1), (0, 1), (1, 1), (0, 0), (1, 0), (0, 1), (1, 1), (0, 1), (0, 0), (1, 1), (0, 0), (0, 1), (0, 1), (0, 0), (0, 0), (0, 1), (0, 0), (0, 1), (1, 0), (0, 1), (0, 1), (0, 1), (0, 0), (0, 0), (0, 1), (0, 1), (1, 1), (1, 0), (1, 0), (1, 0), (1, 1), (0, 0), (0, 1), (1, 1), (1, 0), (1, 0), (0, 1), (1, 1), (1, 0), (0, 1), (1, 1), (1, 0), (0, 1), (1, 0), (0, 1), (1, 0), (0, 0), (1, 0), (1, 1), (0, 1), (1, 1), (0, 0), (1, 1), (0, 0), (0, 1), (1, 1), (0, 0), (1, 0), (0, 1), (1, 1), (1, 0), (1, 1), (1, 1), (0, 0), (0, 1), (1, 1), (0, 1), (1, 1), (1, 0), (0, 0), (0, 1), (1, 0), (1, 1), (0, 0), (1, 1), (0, 0), (1, 1), (1, 1), (1, 0), (1, 0), (0, 1), (0, 1), (0, 1), (1, 0), (1, 1), (0, 1), (0, 0), (0, 0), (1, 1), (0, 0), (1, 0), (1, 1), (0, 1), (0, 0), (0, 0), (0, 1), (1, 1), (0, 1), (1, 0), (0, 0), (0, 0), (1, 1), (0, 1), (1, 1), (0, 0), (0, 1), (0, 1), (1, 0), (0, 0), (1, 1), (1, 0), (1, 0), (1, 0), (1, 0), (0, 1), (0, 1), (0, 0), (1, 1), (0, 1), (0, 1), (1, 0), (1, 0), (1, 1), (1, 1), (1, 1), (1, 0), (0, 0), (1, 1), (0, 0), (0, 1), (0, 1), (1, 1), (1, 0), (1, 1), (1, 1), (1, 0), (1, 0), (0, 0), (1, 1), (0, 0), (1, 1), (0, 0), (0, 0), (0, 0), (1, 1), (0, 1), (0, 1), (1, 0), (0, 0), (1, 1), (1, 1), (0, 0), (0, 0), (1, 1), (0, 0), (1, 0), (0, 0), (1, 1), (1, 0), (1, 0), (0, 1), (0, 1), (0, 1), (0, 1), (1, 1), (0, 1), (1, 1), (1, 1), (0, 0), (0, 0), (1, 0), (1, 1), (0, 1), (0, 1), (0, 1), (1, 0), (1, 1), (1, 1), (0, 1), (1, 0), (0, 1), (1, 1), (0, 0), (0, 0), (1, 0), (1, 0), (1, 0), (0, 0), (0, 0), (1, 0), (0, 1), (1, 1), (0, 1), (0, 1), (1, 1), (0, 0), (1, 1), (1, 0), (0, 0), (0, 1), (0, 1), (0, 1), (1, 0), (1, 1), (1, 1), (0, 1), (0, 1), (0, 0), (0, 0), (0, 1), (0, 1), (1, 1), (0, 0), (1, 0), (1, 0), (1, 0), (0, 1), (1, 1), (0, 1), (0, 0), (1, 0), (1, 0), (1, 0), (1, 0), (0, 1), (1, 0), (1, 1), (0, 0), (0, 1), (1, 0), (1, 0), (1, 1), (0, 0), (1, 1), (0, 0), (1, 0), (1, 1), (0, 0), (1, 0), (0, 1), (0, 0), (1, 1), (0, 1), (1, 0), (1, 0), (1, 0), (0, 1), (0, 0)]
CV Split #2
	Precision: 0.481203007519
	Recall: 0.5
	F1 Score: 0.490421455939
	Accuracy: 0.482490272374
[(1, 0), (1, 0), (0, 0), (1, 0), (0, 1), (1, 0), (0, 0), (1, 0), (1, 1), (0, 1), (1, 0), (1, 1), (1, 0), (1, 1), (1, 1), (1, 0), (1, 1), (0, 1), (1, 1), (1, 1), (1, 0), (0, 1), (0, 1), (0, 0), (1, 0), (1, 0), (0, 0), (0, 0), (0, 1), (0, 1), (0, 1), (0, 0), (0, 1), (0, 1), (0, 0), (1, 0), (1, 1), (1, 1), (1, 0), (1, 1), (1, 1), (0, 1), (1, 0), (0, 1), (0, 0), (1, 1), (0, 1), (1, 0), (1, 0), (0, 1), (1, 0), (0, 0), (0, 1), (1, 0), (1, 0), (1, 1), (1, 0), (1, 0), (0, 1), (0, 0), (1, 1), (0, 1), (1, 0), (0, 1), (1, 0), (1, 1), (0, 0), (0, 1), (1, 0), (0, 1), (0, 1), (1, 1), (0, 1), (0, 1), (1, 1), (1, 0), (1, 1), (1, 1), (1, 0), (1, 1), (1, 0), (1, 0), (0, 1), (1, 1), (0, 1), (1, 0), (0, 0), (0, 1), (1, 0), (1, 1), (1, 1), (1, 1), (1, 0), (1, 1), (0, 1), (1, 0), (1, 0), (0, 1), (1, 0), (1, 1), (1, 0), (1, 0), (0, 1), (1, 1), (0, 0), (0, 1), (0, 0), (1, 0), (0, 0), (1, 1), (0, 0), (0, 0), (1, 0), (0, 0), (0, 0), (0, 1), (1, 0), (1, 0), (0, 0), (1, 1), (0, 1), (1, 1), (0, 1), (0, 0), (0, 1), (1, 1), (1, 1), (0, 0), (1, 1), (1, 1), (0, 0), (0, 0), (0, 0), (0, 1), (0, 0), (1, 0), (1, 0), (0, 1), (0, 0), (1, 0), (0, 0), (0, 1), (1, 0), (0, 1), (0, 1), (1, 1), (1, 1), (0, 0), (1, 1), (1, 1), (1, 1), (0, 0), (0, 0), (0, 0), (0, 0), (1, 1), (0, 0), (0, 0), (0, 1), (1, 1), (1, 1), (1, 0), (1, 1), (1, 0), (1, 0), (0, 0), (1, 1), (1, 0), (0, 0), (1, 0), (1, 0), (1, 1), (0, 0), (1, 1), (1, 0), (1, 0), (0, 1), (1, 0), (0, 0), (1, 0), (1, 1), (0, 1), (0, 1), (0, 1), (1, 1), (1, 1), (1, 0), (1, 0), (0, 1), (1, 1), (1, 0), (1, 0), (0, 0), (0, 0), (1, 0), (1, 0), (0, 0), (1, 0), (1, 1), (1, 0), (1, 0), (1, 1), (1, 1), (1, 1), (1, 1), (1, 0), (0, 0), (0, 0), (0, 0), (1, 1), (0, 1), (1, 0), (1, 0), (0, 1), (1, 0), (1, 1), (0, 1), (0, 0), (1, 0), (0, 0), (1, 1), (0, 0), (0, 1), (0, 1), (0, 0), (0, 1), (0, 0), (0, 0), (1, 0), (1, 0), (0, 1), (1, 1), (1, 0), (1, 1), (1, 1), (1, 1), (0, 0), (0, 1), (1, 1), (0, 1), (1, 1), (0, 1), (0, 1), (1, 1), (1, 1), (0, 1), (0, 0), (1, 1), (0, 0), (0, 1), (0, 0), (0, 0), (0, 0), (1, 0), (1, 0), (0, 0), (0, 0)]
CV Split #3
	Precision: 0.536
	Recall: 0.478571428571
	F1 Score: 0.505660377358
	Accuracy: 0.490272373541
[(0, 0), (1, 1), (1, 1), (1, 0), (0, 0), (1, 0), (0, 1), (1, 0), (1, 1), (1, 1), (1, 0), (0, 1), (0, 1), (1, 0), (1, 0), (0, 0), (1, 1), (0, 1), (1, 1), (0, 0), (1, 0), (0, 0), (0, 0), (1, 0), (0, 0), (1, 0), (0, 1), (1, 0), (1, 1), (0, 1), (0, 0), (1, 0), (0, 0), (0, 0), (0, 0), (1, 0), (1, 1), (1, 1), (1, 0), (0, 1), (1, 0), (1, 1), (1, 0), (1, 0), (1, 1), (0, 1), (0, 0), (0, 0), (0, 1), (1, 1), (1, 1), (1, 1), (1, 0), (0, 1), (0, 1), (1, 0), (1, 0), (0, 0), (0, 1), (1, 1), (1, 0), (1, 1), (1, 1), (0, 0), (0, 0), (1, 1), (1, 1), (1, 1), (0, 1), (1, 1), (0, 1), (1, 0), (0, 0), (1, 1), (0, 1), (0, 0), (1, 1), (0, 1), (0, 1), (1, 0), (0, 1), (0, 1), (1, 1), (0, 0), (1, 0), (1, 1), (0, 0), (1, 1), (0, 0), (1, 0), (0, 0), (1, 1), (1, 1), (0, 0), (0, 0), (0, 0), (0, 1), (0, 1), (1, 1), (1, 1), (1, 1), (0, 0), (1, 1), (0, 1), (1, 1), (0, 0), (1, 1), (1, 1), (0, 0), (1, 1), (1, 0), (1, 0), (0, 0), (1, 1), (0, 0), (1, 1), (1, 1), (0, 0), (0, 1), (0, 0), (1, 0), (1, 1), (0, 0), (1, 0), (0, 0), (0, 0), (1, 0), (1, 1), (0, 1), (1, 0), (1, 0), (1, 1), (0, 1), (0, 1), (0, 1), (0, 0), (0, 0), (1, 0), (1, 0), (1, 1), (1, 0), (1, 0), (0, 0), (1, 0), (1, 0), (0, 0), (0, 0), (0, 1), (1, 0), (1, 0), (1, 1), (0, 0), (0, 0), (0, 0), (1, 0), (1, 1), (0, 0), (0, 0), (1, 1), (1, 1), (1, 0), (1, 0), (0, 1), (1, 0), (0, 1), (0, 0), (0, 1), (1, 0), (0, 0), (0, 0), (1, 0), (1, 0), (1, 1), (1, 0), (1, 0), (0, 1), (1, 0), (1, 0), (1, 0), (1, 0), (1, 0), (1, 1), (0, 0), (1, 1), (0, 0), (0, 1), (1, 0), (1, 0), (0, 1), (1, 1), (1, 1), (1, 0), (1, 1), (0, 0), (0, 1), (1, 0), (0, 1), (0, 0), (0, 0), (1, 1), (0, 1), (0, 0), (0, 0), (1, 1), (0, 0), (1, 1), (1, 1), (0, 0), (0, 0), (1, 1), (0, 0), (0, 1), (0, 1), (1, 1), (0, 0), (1, 1), (1, 1), (0, 1), (1, 1), (1, 1), (0, 0), (0, 0), (0, 1), (0, 1), (0, 1), (0, 1), (0, 0), (1, 1), (1, 0), (1, 1), (1, 0), (0, 1), (1, 0), (0, 1), (1, 1), (1, 0), (0, 1), (0, 0), (1, 0), (1, 1), (1, 1), (0, 1), (0, 1), (1, 1), (0, 0), (1, 1), (0, 1), (0, 0), (0, 0), (0, 0), (0, 1), (1, 0), (1, 0), (1, 0), (0, 1), (0, 1), (0, 0)]
CV Split #4
	Precision: 0.569105691057
	Recall: 0.518518518519
	F1 Score: 0.542635658915
	Accuracy: 0.540856031128
[(0, 0), (0, 1), (0, 0), (0, 1), (0, 0), (0, 1), (0, 1), (1, 1), (1, 1), (1, 0), (0, 1), (1, 0), (0, 1), (1, 0), (1, 0), (0, 0), (1, 0), (0, 1), (0, 0), (0, 1), (1, 0), (0, 1), (1, 1), (1, 0), (0, 0), (1, 0), (0, 1), (1, 0), (0, 0), (1, 0), (1, 1), (1, 0), (1, 1), (1, 0), (0, 1), (1, 0), (1, 1), (0, 0), (1, 0), (1, 0), (0, 1), (0, 0), (1, 1), (0, 0), (1, 0), (0, 0), (1, 0), (1, 0), (1, 0), (0, 1), (1, 0), (0, 0), (1, 0), (1, 0), (1, 0), (0, 1), (1, 1), (0, 0), (1, 1), (0, 0), (1, 1), (0, 1), (1, 0), (1, 1), (1, 0), (1, 1), (0, 0), (1, 0), (0, 1), (0, 1), (1, 0), (0, 0), (0, 0), (1, 1), (1, 0), (0, 0), (1, 1), (0, 0), (0, 0), (0, 0), (0, 0), (0, 0), (1, 1), (0, 1), (1, 1), (0, 0), (0, 0), (1, 0), (0, 1), (1, 0), (0, 1), (0, 0), (0, 0), (0, 1), (0, 1), (1, 0), (1, 0), (1, 1), (1, 1), (0, 0), (0, 1), (0, 1), (1, 1), (0, 1), (1, 0), (1, 1), (0, 0), (0, 0), (0, 0), (1, 1), (1, 1), (1, 1), (1, 1), (0, 1), (1, 0), (0, 0), (0, 0), (0, 1), (0, 0), (1, 1), (1, 1), (1, 0), (0, 1), (1, 1), (1, 0), (0, 0), (1, 1), (1, 0), (0, 1), (1, 0), (0, 1), (1, 1), (1, 1), (1, 0), (0, 0), (1, 0), (1, 0), (1, 1), (0, 1), (0, 1), (0, 1), (0, 0), (1, 1), (1, 0), (1, 0), (1, 0), (1, 1), (0, 1), (1, 1), (1, 1), (0, 1), (0, 1), (1, 1), (0, 1), (1, 1), (0, 1), (0, 1), (1, 0), (0, 0), (0, 0), (1, 0), (0, 0), (0, 1), (1, 1), (0, 0), (1, 1), (1, 0), (1, 0), (0, 1), (1, 0), (1, 1), (0, 1), (1, 0), (0, 0), (0, 1), (0, 1), (0, 1), (1, 0), (1, 1), (1, 1), (0, 1), (0, 1), (1, 0), (1, 1), (0, 1), (1, 0), (0, 0), (1, 0), (1, 0), (0, 0), (0, 1), (0, 0), (1, 0), (1, 0), (0, 1), (0, 0), (0, 1), (0, 0), (1, 1), (1, 0), (1, 0), (0, 1), (1, 0), (1, 1), (1, 0), (1, 0), (0, 1), (0, 1), (1, 1), (1, 1), (1, 1), (0, 1), (0, 1), (1, 1), (0, 1), (0, 0), (1, 1), (1, 0), (1, 0), (1, 1), (0, 1), (1, 1), (1, 1), (0, 1), (0, 0), (0, 0), (1, 0), (1, 1), (0, 0), (0, 1), (1, 1), (0, 0), (0, 1), (1, 1), (1, 1), (0, 0), (0, 0), (0, 0), (1, 1), (1, 0), (0, 0), (1, 0), (1, 1), (0, 1), (0, 0), (1, 0), (1, 1), (1, 0), (0, 1), (0, 1), (1, 0), (0, 1), (1, 0), (1, 0), (1, 1), (0, 1), (0, 0)]
CV Split #5
	Precision: 0.48031496063
	Recall: 0.458646616541
	F1 Score: 0.469230769231
	Accuracy: 0.463035019455
[(0, 1), (0, 0), (0, 1), (1, 0), (1, 0), (0, 0), (0, 0), (1, 1), (0, 1), (1, 0), (1, 1), (0, 1), (1, 1), (1, 0), (1, 0), (1, 0), (0, 1), (1, 0), (0, 0), (1, 1), (0, 1), (1, 0), (0, 1), (0, 0), (1, 1), (0, 0), (0, 1), (0, 0), (1, 0), (0, 0), (0, 0), (0, 0), (1, 1), (0, 1), (0, 0), (1, 0), (1, 1), (1, 0), (1, 1), (0, 0), (0, 0), (1, 0), (0, 1), (1, 0), (1, 0), (1, 0), (1, 1), (1, 0), (1, 1), (1, 0), (0, 1), (0, 0), (0, 1), (0, 1), (0, 0), (0, 0), (1, 0), (1, 0), (1, 0), (0, 1), (1, 1), (0, 1), (0, 1), (1, 1), (1, 1), (1, 1), (0, 1), (1, 1), (1, 0), (0, 0), (1, 0), (0, 0), (1, 0), (0, 1), (0, 1), (1, 1), (0, 0), (0, 0), (0, 0), (0, 0), (1, 0), (1, 0), (1, 0), (1, 1), (1, 1), (0, 1), (0, 0), (0, 1), (0, 1), (1, 0), (1, 0), (1, 0), (0, 0), (1, 1), (1, 0), (1, 0), (1, 1), (1, 1), (1, 0), (0, 1), (1, 1), (0, 0), (0, 1), (0, 1), (1, 0), (0, 1), (1, 1), (0, 1), (1, 0), (0, 0), (0, 1), (1, 0), (1, 1), (0, 1), (1, 0), (1, 0), (0, 1), (1, 1), (0, 0), (0, 1), (1, 1), (0, 0), (0, 0), (1, 0), (1, 0), (0, 1), (0, 0), (1, 0), (1, 0), (1, 0), (0, 0), (0, 0), (0, 1), (0, 1), (1, 1), (0, 0), (1, 0), (1, 0), (0, 1), (1, 1), (0, 1), (1, 1), (1, 0), (0, 0), (1, 0), (1, 0), (0, 1), (1, 1), (1, 0), (0, 1), (0, 0), (1, 1), (1, 0), (0, 1), (0, 1), (0, 1), (1, 1), (1, 0), (1, 0), (0, 0), (0, 0), (0, 0), (0, 1), (0, 1), (0, 1), (1, 0), (0, 1), (0, 1), (1, 1), (0, 1), (1, 1), (0, 0), (0, 1), (0, 0), (0, 0), (0, 0), (0, 0), (1, 0), (0, 1), (1, 1), (1, 1), (0, 1), (0, 0), (0, 1), (1, 0), (1, 1), (1, 0), (1, 1), (1, 0), (0, 1), (1, 0), (0, 0), (0, 1), (1, 1), (0, 0), (0, 1), (0, 1), (1, 1), (1, 1), (0, 1), (0, 1), (0, 0), (0, 1), (1, 0), (0, 1), (0, 1), (1, 1), (0, 0), (0, 0), (0, 0), (1, 1), (1, 0), (1, 1), (1, 1), (0, 0), (0, 1), (1, 0), (1, 1), (1, 0), (1, 0), (0, 0), (1, 1), (1, 0), (0, 1), (1, 1), (1, 1), (0, 0), (1, 1), (0, 0), (1, 0), (1, 0), (1, 0), (1, 0), (0, 0), (0, 0), (1, 0), (1, 1), (0, 1), (1, 0), (0, 1), (0, 0), (1, 1), (1, 1), (1, 1), (1, 1), (0, 1), (0, 1), (0, 1), (1, 1), (1, 1), (0, 1), (0, 1), (1, 1), (1, 1), (1, 0), (1, 1), (0, 0)]
CV Split #6
	Precision: 0.46511627907
	Recall: 0.461538461538
	F1 Score: 0.46332046332
	Accuracy: 0.459143968872
[(1, 0), (1, 0), (0, 0), (0, 1), (0, 1), (1, 0), (1, 0), (0, 0), (1, 0), (0, 0), (0, 1), (0, 0), (1, 1), (0, 0), (1, 0), (1, 1), (1, 1), (0, 0), (0, 1), (0, 0), (1, 1), (1, 1), (1, 0), (1, 0), (0, 1), (1, 0), (0, 1), (0, 0), (0, 1), (1, 0), (0, 1), (1, 1), (0, 1), (0, 1), (1, 0), (1, 1), (0, 1), (0, 0), (1, 1), (0, 1), (1, 1), (1, 1), (0, 0), (0, 0), (1, 1), (0, 0), (1, 0), (0, 0), (1, 0), (1, 1), (0, 1), (0, 0), (1, 1), (1, 0), (1, 1), (1, 0), (0, 0), (0, 0), (0, 0), (0, 1), (0, 1), (0, 1), (1, 1), (0, 1), (1, 1), (1, 1), (1, 1), (1, 1), (0, 1), (0, 0), (0, 1), (0, 1), (1, 0), (1, 1), (0, 0), (1, 1), (1, 0), (0, 1), (0, 0), (1, 1), (1, 0), (0, 1), (1, 0), (0, 0), (1, 0), (0, 1), (1, 0), (0, 1), (0, 1), (0, 1), (0, 0), (1, 0), (1, 0), (1, 1), (0, 1), (1, 0), (1, 0), (0, 0), (0, 1), (0, 0), (0, 1), (0, 1), (1, 1), (0, 1), (1, 0), (0, 0), (1, 0), (1, 0), (0, 0), (0, 0), (0, 0), (0, 0), (0, 1), (0, 1), (1, 0), (0, 0), (0, 0), (1, 0), (1, 1), (0, 0), (1, 1), (1, 0), (0, 1), (1, 0), (0, 0), (1, 1), (1, 1), (1, 0), (0, 0), (0, 1), (1, 0), (1, 1), (1, 0), (0, 0), (0, 0), (1, 0), (0, 1), (0, 0), (1, 1), (1, 0), (1, 0), (0, 0), (1, 1), (0, 1), (0, 1), (1, 1), (1, 0), (1, 0), (0, 0), (0, 0), (0, 0), (1, 0), (1, 0), (1, 0), (0, 1), (1, 1), (0, 0), (0, 0), (0, 0), (1, 1), (0, 1), (1, 1), (0, 1), (1, 0), (1, 0), (1, 0), (1, 1), (1, 0), (1, 0), (1, 0), (1, 1), (1, 0), (0, 0), (0, 1), (1, 0), (1, 0), (0, 0), (1, 0), (0, 0), (1, 0), (1, 1), (0, 0), (0, 0), (1, 0), (0, 1), (0, 0), (1, 0), (0, 0), (1, 1), (1, 1), (1, 1), (1, 0), (1, 1), (1, 1), (0, 1), (1, 1), (1, 0), (1, 0), (0, 1), (0, 1), (1, 1), (0, 0), (1, 0), (0, 1), (0, 0), (0, 1), (0, 0), (0, 0), (0, 1), (0, 0), (0, 1), (1, 0), (0, 1), (1, 1), (0, 0), (1, 1), (1, 0), (0, 0), (0, 0), (1, 1), (1, 1), (1, 0), (0, 1), (1, 0), (0, 0), (1, 0), (0, 1), (0, 0), (0, 1), (0, 0), (1, 0), (0, 0), (0, 1), (0, 0), (0, 0), (0, 0), (0, 1), (0, 1), (0, 1), (1, 0), (0, 0), (1, 0), (0, 1), (1, 0), (1, 1), (0, 1), (0, 1), (1, 1), (1, 0), (0, 1), (0, 1), (0, 0), (0, 1), (0, 1), (1, 0), (1, 0), (1, 0)]
CV Split #7
	Precision: 0.439655172414
	Recall: 0.411290322581
	F1 Score: 0.425
	Accuracy: 0.463035019455
[(0, 0), (0, 0), (0, 1), (1, 0), (0, 1), (1, 1), (1, 0), (1, 1), (0, 0), (0, 0), (1, 1), (1, 1), (1, 1), (0, 1), (1, 1), (1, 1), (1, 0), (1, 1), (0, 0), (1, 0), (0, 1), (0, 1), (1, 0), (1, 0), (0, 0), (0, 1), (1, 0), (0, 1), (0, 0), (1, 1), (1, 0), (0, 1), (0, 1), (0, 0), (1, 0), (0, 0), (0, 1), (1, 0), (1, 1), (0, 1), (0, 0), (0, 0), (1, 0), (0, 0), (1, 0), (0, 0), (0, 0), (1, 1), (0, 1), (0, 1), (1, 0), (1, 1), (0, 1), (0, 0), (0, 1), (1, 1), (1, 1), (1, 0), (0, 1), (0, 0), (1, 1), (0, 1), (0, 1), (1, 1), (0, 1), (0, 0), (0, 0), (0, 1), (1, 0), (1, 1), (0, 0), (1, 0), (0, 1), (1, 1), (1, 1), (1, 1), (1, 1), (1, 0), (1, 0), (0, 1), (1, 1), (0, 1), (1, 1), (1, 0), (1, 0), (0, 0), (1, 0), (1, 0), (1, 1), (0, 1), (1, 1), (1, 1), (0, 0), (0, 1), (1, 1), (0, 0), (0, 0), (1, 1), (0, 0), (1, 1), (1, 0), (0, 1), (1, 1), (1, 1), (0, 1), (1, 1), (0, 1), (0, 0), (0, 1), (1, 0), (1, 1), (0, 1), (0, 0), (1, 1), (1, 0), (1, 0), (0, 1), (0, 1), (1, 1), (0, 1), (1, 1), (1, 1), (0, 0), (0, 0), (1, 1), (0, 1), (0, 0), (1, 0), (1, 1), (1, 0), (0, 0), (1, 0), (1, 0), (1, 1), (0, 1), (0, 1), (0, 1), (1, 0), (1, 1), (1, 0), (0, 1), (0, 1), (1, 1), (1, 0), (0, 1), (0, 1), (1, 0), (1, 1), (1, 1), (1, 1), (0, 0), (0, 1), (1, 1), (0, 0), (0, 1), (0, 0), (1, 1), (0, 0), (0, 1), (0, 1), (1, 1), (1, 1), (1, 0), (1, 0), (0, 1), (1, 0), (1, 1), (0, 1), (0, 1), (1, 0), (0, 0), (1, 0), (0, 0), (0, 1), (1, 0), (1, 0), (0, 0), (1, 1), (1, 1), (1, 0), (0, 0), (0, 1), (1, 1), (0, 0), (0, 1), (1, 0), (1, 0), (1, 1), (1, 1), (0, 0), (1, 1), (0, 0), (1, 1), (0, 0), (1, 0), (0, 0), (1, 0), (0, 1), (1, 0), (1, 0), (0, 1), (1, 0), (0, 0), (0, 0), (1, 1), (1, 0), (0, 0), (1, 0), (0, 1), (1, 1), (1, 0), (1, 0), (1, 1), (1, 1), (0, 1), (0, 1), (1, 0), (1, 0), (0, 0), (0, 1), (1, 1), (0, 1), (1, 1), (0, 0), (1, 0), (0, 0), (1, 1), (0, 1), (0, 1), (0, 1), (1, 0), (0, 0), (0, 0), (1, 1), (0, 0), (1, 1), (0, 0), (1, 1), (0, 0), (1, 1), (0, 0), (0, 1), (0, 0), (0, 0), (1, 1), (1, 1), (1, 0), (1, 1), (0, 1), (0, 1), (0, 0), (1, 1), (0, 0), (0, 1), (1, 0), (1, 1), (0, 1)]
CV Split #8
	Precision: 0.525179856115
	Recall: 0.55303030303
	F1 Score: 0.538745387454
	Accuracy: 0.513618677043
[(0, 0), (1, 0), (1, 1), (1, 0), (0, 0), (0, 0), (0, 0), (1, 0), (0, 0), (1, 0), (1, 0), (0, 0), (1, 0), (1, 0), (1, 1), (1, 1), (1, 0), (0, 1), (0, 1), (1, 0), (0, 0), (1, 1), (0, 0), (0, 0), (0, 0), (1, 1), (1, 0), (0, 1), (1, 0), (1, 1), (1, 0), (1, 0), (0, 1), (1, 0), (1, 0), (1, 1), (1, 0), (1, 0), (1, 1), (1, 0), (1, 0), (1, 0), (0, 0), (1, 1), (0, 1), (0, 0), (0, 1), (0, 0), (0, 0), (0, 0), (0, 0), (1, 0), (0, 1), (0, 0), (1, 0), (0, 0), (0, 1), (0, 1), (1, 0), (0, 0), (0, 0), (1, 1), (1, 1), (0, 1), (0, 1), (1, 1), (1, 0), (0, 0), (0, 1), (0, 1), (1, 0), (0, 0), (1, 0), (0, 0), (0, 0), (0, 0), (0, 1), (0, 1), (1, 0), (1, 0), (0, 0), (1, 0), (0, 0), (1, 0), (0, 1), (0, 0), (1, 1), (0, 0), (1, 1), (1, 1), (1, 1), (1, 1), (0, 0), (0, 0), (1, 0), (0, 0), (0, 0), (0, 0), (0, 0), (1, 0), (0, 1), (1, 1), (1, 0), (1, 0), (0, 1), (1, 1), (1, 1), (0, 1), (0, 0), (1, 1), (1, 0), (1, 1), (1, 0), (1, 1), (1, 1), (1, 1), (0, 1), (0, 0), (1, 0), (0, 1), (1, 0), (1, 1), (0, 0), (0, 1), (1, 0), (0, 0), (0, 1), (1, 1), (0, 1), (1, 1), (1, 1), (1, 0), (0, 1), (0, 0), (0, 1), (0, 0), (1, 0), (1, 1), (1, 0), (0, 0), (1, 0), (0, 0), (0, 0), (0, 1), (1, 1), (1, 0), (0, 0), (1, 1), (1, 1), (1, 0), (1, 1), (1, 1), (0, 0), (1, 1), (1, 1), (0, 0), (0, 1), (0, 1), (0, 1), (0, 0), (1, 1), (1, 1), (0, 0), (1, 1), (1, 0), (1, 1), (0, 0), (1, 0), (1, 0), (1, 1), (0, 1), (1, 0), (0, 0), (1, 1), (1, 0), (1, 0), (0, 1), (1, 1), (0, 1), (1, 0), (1, 1), (1, 0), (1, 0), (1, 0), (0, 0), (1, 0), (1, 1), (1, 0), (1, 0), (0, 0), (1, 1), (0, 1), (1, 1), (1, 0), (1, 0), (0, 1), (1, 1), (1, 1), (1, 1), (0, 0), (0, 0), (1, 0), (0, 1), (0, 0), (1, 0), (0, 0), (1, 1), (0, 1), (0, 0), (1, 0), (1, 1), (0, 0), (1, 1), (1, 0), (0, 0), (0, 1), (1, 1), (1, 0), (0, 0), (0, 1), (1, 1), (1, 1), (0, 0), (1, 0), (1, 0), (0, 0), (1, 1), (0, 0), (0, 0), (1, 1), (0, 1), (0, 1), (1, 1), (0, 1), (1, 0), (0, 1), (1, 1), (0, 0), (1, 0), (0, 0), (0, 0), (1, 1), (0, 0), (0, 0), (1, 1), (1, 0), (0, 0), (1, 1), (0, 0), (0, 1), (1, 0), (1, 1), (0, 1), (0, 1), (0, 0), (1, 0), (0, 0)]
CV Split #9
	Precision: 0.585585585586
	Recall: 0.474452554745
	F1 Score: 0.524193548387
	Accuracy: 0.540856031128
[(1, 1), (0, 0), (1, 1), (0, 1), (0, 1), (0, 1), (1, 0), (0, 0), (0, 1), (1, 0), (0, 1), (0, 1), (0, 1), (0, 0), (1, 0), (1, 1), (1, 1), (0, 1), (0, 1), (1, 0), (0, 0), (0, 0), (1, 1), (0, 0), (0, 0), (1, 0), (1, 0), (1, 1), (1, 0), (1, 0), (1, 0), (1, 1), (1, 0), (0, 1), (0, 1), (0, 1), (1, 1), (1, 0), (1, 1), (1, 0), (0, 0), (1, 0), (1, 0), (0, 0), (0, 1), (0, 1), (1, 0), (0, 1), (0, 1), (0, 0), (0, 1), (1, 0), (1, 0), (1, 0), (0, 1), (0, 0), (1, 0), (0, 1), (0, 1), (1, 1), (1, 1), (0, 0), (1, 0), (1, 1), (1, 1), (0, 0), (0, 0), (1, 1), (1, 1), (0, 1), (0, 1), (1, 1), (1, 1), (0, 0), (0, 1), (1, 1), (0, 0), (1, 1), (1, 1), (0, 1), (0, 1), (1, 0), (0, 0), (1, 1), (1, 0), (1, 1), (1, 1), (1, 0), (1, 1), (0, 0), (1, 1), (1, 0), (1, 0), (0, 0), (0, 0), (1, 1), (0, 0), (0, 1), (1, 1), (0, 1), (1, 0), (0, 0), (1, 0), (1, 0), (0, 1), (0, 1), (1, 0), (0, 1), (0, 1), (1, 1), (0, 0), (1, 1), (1, 1), (1, 0), (0, 1), (0, 1), (1, 1), (0, 0), (1, 1), (1, 0), (0, 1), (1, 0), (1, 0), (0, 0), (0, 1), (0, 1), (1, 1), (1, 1), (1, 0), (1, 0), (1, 1), (0, 0), (0, 0), (1, 0), (1, 0), (0, 0), (0, 1), (1, 1), (1, 1), (1, 1), (1, 1), (1, 0), (1, 1), (1, 1), (0, 0), (0, 0), (1, 1), (0, 0), (1, 1), (0, 0), (0, 0), (1, 0), (0, 1), (0, 0), (1, 1), (0, 1), (0, 1), (0, 0), (1, 0), (1, 0), (0, 1), (1, 1), (1, 1), (1, 0), (1, 1), (0, 0), (0, 1), (0, 0), (0, 1), (0, 1), (0, 1), (1, 0), (1, 0), (1, 1), (1, 1), (1, 1), (1, 1), (0, 1), (1, 1), (1, 1), (0, 1), (1, 1), (0, 0), (0, 0), (0, 0), (1, 0), (1, 0), (1, 1), (0, 1), (1, 0), (1, 0), (0, 0), (1, 1), (0, 1), (1, 0), (0, 1), (1, 0), (0, 1), (0, 0), (1, 0), (1, 1), (1, 0), (1, 1), (1, 1), (1, 1), (1, 1), (0, 1), (1, 1), (0, 1), (0, 0), (1, 1), (0, 0), (0, 1), (1, 0), (0, 1), (1, 0), (0, 0), (0, 1), (0, 1), (1, 0), (1, 0), (1, 0), (1, 1), (0, 0), (0, 1), (0, 1), (1, 1), (0, 0), (1, 0), (1, 1), (0, 0), (1, 0), (1, 1), (0, 0), (0, 1), (1, 1), (1, 0), (0, 0), (0, 1), (1, 1), (1, 0), (0, 1), (1, 0), (1, 1), (0, 0), (0, 0), (0, 0), (0, 1), (0, 1), (0, 1), (1, 1), (0, 0), (1, 0), (1, 1), (0, 1), (1, 0), (0, 0)]
CV Split #10
	Precision: 0.521739130435
	Recall: 0.529411764706
	F1 Score: 0.525547445255
	Accuracy: 0.494163424125

---------------------------------------

Overall (10 cv cuts)

Precision
	mean:	0.509001079394
	min:	0.439655172414
	max:	0.585585585586
Recall
	mean:	0.492809562915
	min:	0.411290322581
	max:	0.55303030303
F1 Score
	mean:	0.499757561868
	min:	0.425
	max:	0.542635658915
Accuracy
	mean:	0.492996108949
	min:	0.459143968872
	max:	0.540856031128

Number of column names: 18
100 biggest theta components of last CV run:
0.166666666667 	Enc__LOS_Enc_4
0.14 	Enc__Num_Extra_Diagnoses_Enc_0
0.126666666667 	Enc__LOS_Enc_3
0.113333333333 	Enc__LOS_Enc_2
0.106666666667 	Enc__Num_Extra_Diagnoses_Enc_3
0.0933333333333 	Enc__Num_Extra_Diagnoses_Enc_4
0.0666666666667 	Enc__Num_Extra_Diagnoses_Enc_1
0.0666666666667 	Enc__Num_Extra_Diagnoses_Enc_2
0.0466666666667 	Enc__Enc_Average_Extra_Diagnoses
0.0333333333333 	Enc__LOS_Enc_1
0.0266666666667 	Enc__LOS_Enc_0
0.00666666666667 	Enc__Inpatient_Outpatient_Enc_0
0.00666666666667 	Enc__Enc_Inpatient_Ratio
0.0 	Enc__Inpatient_Outpatient_Enc_1
0.0 	Enc__Inpatient_Outpatient_Enc_2
0.0 	Enc__Inpatient_Outpatient_Enc_3
0.0 	Enc__Inpatient_Outpatient_Enc_4
0.0 	Enc__Enc_Average_LOS
